40 10100
70 20100
90 30100
120 40100
150 50100
180 60100
200 70100
240 80100
270 90100
290 100100
320 110100
320 120100
370 130100
350 140100
450 150100
630 160100
680 170100
540 180100
570 190100
510 200100
630 210100
690 220100
880 230100
950 240100
1040 250100
1000 260100
1100 270100
1020 280100
1000 290100
1210 300100
1170 310100
1090 320100
1320 330100
1320 340100
1390 350100
1420 360100
1320 370100
1450 380100
1420 390100
1470 400100
1605 410100
1680 420100
1711 430100
1630 440100
1660 450100
1711 460100
1911 470100
1871 480100
1711 490100
1761 500100
1861 510100
2061 520100
1891 530100
1981 540100
1931 550100
2141 560100
