0 10000
0 20000
0 30000
10 40000
10 50000
10 60000
0 70000
10 80000
10 90000
10 100000
10 110000
10 120000
10 130000
10 140000
10 150000
10 160000
10 170000
10 180000
20 190000
20 200000
20 210000
20 220000
20 230000
20 240000
20 250000
20 260000
30 270000
20 280000
30 290000
20 300000
20 310000
30 320000
30 330000
30 340000
30 350000
30 360000
40 370000
30 380000
30 390000
40 400000
30 410000
30 420000
30 430000
40 440000
40 450000
39 460000
50 470000
40 480000
50 490000
50 500000
40 510000
50 520000
40 530000
50 540000
50 550000
40 560000
