300.46 100000
100.11 120000
300.26 140000
300.32 160000
100.05 180000
400.39 200000
200.13 220000
500.5 240000
100.05 260000
400.36 280000
200.22 300000
200.11 320000
100.05 340000
500.47 360000
400.27 380000
100.09 400000
200.11 420000
300.29 440000
500.49 460000
300.31 480000
0 500000
200.17 520000
500.49 540000
300.2 560000
300.23 580000
300.22 600000
300.26 620000
100.1 640000
200.19 660000
200.19 680000
300.24 700000
300.29 720000
300.25 740000
200.2 760000
200.16 780000
100.08 800000
100.15 820000
100.1 840000
300.19 860000
300.21 880000
300.22 900000
100.08 920000
200.13 940000
500.52 960000
300.3 980000
200.2 1000000
400.43 1020000
200.18 1040000
200.09 1060000
500.37 1080000
100.08 1100000
100.14 1120000
300.21 1140000
400.38 1160000
300.23 1180000
100.04 1200000
300.23 1220000
300.29 1240000
200.16 1260000
400.36 1280000
200.18 1300000
600.51 1320000
300.17 1340000
200.19 1360000
100.1 1380000
600.47 1400000
300.27 1420000
100.16 1440000
300.3 1460000
200.24 1480000
300.33 1500000
400.24 1520000
200.08 1540000
100.02 1560000
400.3 1580000
500.42 1600000
400.37 1620000
300.28 1640000
200.24 1660000
149.92 1680000
300.27 1700000
200.19 1720000
0 1740000
300.31 1760000
200.18 1780000
400.34 1800000
0 1820000
400.36 1840000
200 1860000
300.18 1880000
400.26 1900000
300.27 1920000
200.14 1940000
300.32 1960000
300.19 1980000
200.22 2000000
200.11 2020000
200.09 2040000
200.29 2060000
400.49 2080000
200.13 2100000
400.27 2120000
200.16 2140000
200.16 2160000
300.25 2180000
300.28 2200000
200.17 2220000
300.22 2240000
300.3 2260000
300.24 2280000
300.22 2300000
200.22 2320000
300.4 2340000
100.09 2360000
100.08 2380000
400.34 2400000
200.24 2420000
300.27 2440000
100.09 2460000
300.28 2480000
300.27 2500000
300.3 2520000
100.1 2540000
200.26 2560000
400.33 2580000
400.34 2600000
500.41 2620000
100.07 2640000
200.17 2660000
300.22 2680000
400.38 2700000
300.34 2720000
200.22 2740000
300.24 2760000
400.37 2780000
100.14 2800000
300.29 2820000
200.12 2840000
100.08 2860000
300.19 2880000
500.54 2900000
500.4 2920000
300.23 2940000
100.02 2960000
200.12 2980000
200.14 3000000
300.33 3020000
200.11 3040000
500.39 3060000
200.16 3080000
200.2 3100000
300.24 3120000
300.29 3140000
100.05 3160000
500.44 3180000
200.27 3200000
400.33 3220000
200.2 3240000
500.39 3260000
200.11 3280000
300.22 3300000
400.27 3320000
100.05 3340000
300.24 3360000
200.17 3380000
199.97 3400000
100.3 3420000
200.22 3440000
300.22 3460000
200.14 3480000
400.32 3500000
200.22 3520000
200.19 3540000
400.37 3560000
400.4 3580000
100.08 3600000
0 3620000
200.09 3640000
100.09 3660000
300.22 3680000
300.27 3700000
300.26 3720000
200.24 3740000
300.3 3760000
300.36 3780000
186.74 3800000
200.2 3820000
300.37 3840000
200.18 3860000
200.19 3880000
99.98 3900000
300.21 3920000
100.08 3940000
600.45 3960000
500.45 3980000
100.13 4000000
300.38 4020000
300.5 4040000
400.47 4060000
400.39 4080000
100.15 4100000
100.07 4120000
300.33 4140000
100.08 4160000
100.11 4180000
200.26 4200000
100.1 4220000
100.11 4240000
400.34 4260000
200.22 4280000
200.22 4300000
200.15 4320000
200.25 4340000
300.21 4360000
100.08 4380000
300.21 4400000
300.29 4420000
100.06 4440000
400.37 4460000
300.29 4480000
200.28 4500000
300.31 4520000
400.31 4540000
300.25 4560000
300.27 4580000
100.09 4600000
300.27 4620000
100.13 4640000
100.09 4660000
200.25 4680000
200.19 4700000
100.14 4720000
200.22 4740000
300.16 4760000
400.34 4780000
200.16 4800000
200.11 4820000
0 4840000
400.39 4860000
200.11 4880000
400.37 4900000
300.21 4920000
400.62 4940000
300.27 4960000
100.12 4980000
300.25 5000000
