100.08 10000
0 20000
100.05 30000
0 40000
0 50000
0 60000
100.1 70000
100.1 80000
0 90000
100.11 100000
100.13 110000
100.07 120000
100.04 130000
0 140000
100.09 150000
0 160000
0 170000
0 180000
100.06 190000
100.19 200000
0 210000
0 220000
0 230000
100.07 240000
100.12 250000
0 260000
0 270000
100.04 280000
100.12 290000
0 300000
0 310000
100.06 320000
100.08 330000
100.14 340000
100.11 350000
100.1 360000
99.81 370000
0 380000
100.06 390000
100.04 400000
0 410000
100.05 420000
0 430000
0 440000
0 450000
0 460000
0 470000
100.13 480000
0 490000
0 500000
100.12 510000
0 520000
100.05 530000
0 540000
100.06 550000
100.06 560000
100.12 570000
0 580000
100.11 590000
100 600000
