100.07 10000
0 20000
0 30000
100.09 40000
100.02 50000
99.95 60000
100.09 70000
100.09 80000
100.16 90000
100.05 100000
0 110000
0 120000
100.09 130000
100.08 140000
100.11 150000
0 160000
0 170000
100.06 180000
100.05 190000
0 200000
100.13 210000
100.05 220000
200.21 230000
0 240000
0 250000
0 260000
100.1 270000
0 280000
0 290000
0 300000
99.96 310000
200.23 320000
100.09 330000
100.15 340000
0 350000
200.24 360000
200.19 370000
0 380000
200.13 390000
0 400000
100.09 410000
100.15 420000
100.12 430000
100.08 440000
0 450000
100.05 460000
100.02 470000
0 480000
0 490000
100.04 500000
0 510000
100.09 520000
200.2 530000
100.19 540000
0 550000
0 560000
100.12 570000
0 580000
100.1 590000
100.14 600000
