29 10000
70 20000
90 30000
110 40000
140 50000
170 60000
220 70000
240 80000
370 90000
380 100000
440 110000
340 120000
540 130000
600 140000
430 150000
450 160000
720 170000
510 180000
530 190000
850 200000
890 210000
620 220000
960 230000
1050 240000
590 250000
1140 260000
1040 270000
1080 280000
1130 290000
1170 300000
1200 310000
1220 320000
1280 330000
1300 340000
1210 350000
1385 360000
1150 370000
1290 380000
1470 390000
1410 400000
1430 410000
1370 420000
1580 430000
1711 440000
1480 450000
1741 460000
1490 470000
1530 480000
1651 490000
1891 500000
