0 10000
0 20000
0 30000
0 40000
0 50000
0 60000
10 70000
0 80000
10 90000
10 100000
10 110000
10 120000
10 130000
10 140000
20 150000
20 160000
20 170000
10 180000
20 190000
10 200000
10 210000
20 220000
20 230000
20 240000
30 250000
30 260000
20 270000
20 280000
20 290000
30 300000
30 310000
30 320000
20 330000
30 340000
30 350000
30 360000
30 370000
40 380000
40 390000
30 400000
40 410000
40 420000
40 430000
40 440000
40 450000
40 460000
40 470000
50 480000
50 490000
40 500000
50 510000
40 520000
50 530000
40 540000
50 550000
50 560000
