0 10000
0 20000
0 30000
0 40000
0 50000
0 60000
1.0005e+06 70000
0 80000
1.0008e+06 90000
1.0008e+06 100000
1e+06 110000
1.001e+06 120000
1.0009e+06 130000
1.0013e+06 140000
2.0014e+06 150000
2.002e+06 160000
2.0024e+06 170000
2.0014e+06 180000
3.0021e+06 190000
2.0004e+06 200000
2.0024e+06 210000
2.0023e+06 220000
2.0026e+06 230000
2.0022e+06 240000
2.0014e+06 250000
3.0022e+06 260000
2.0021e+06 270000
3.003e+06 280000
4.0036e+06 290000
3.0029e+06 300000
3.0024e+06 310000
3.0031e+06 320000
4.0033e+06 330000
3.0032e+06 340000
4.0036e+06 350000
4.0039e+06 360000
5.0044e+06 370000
4.0035e+06 380000
4.0047e+06 390000
6.0053e+06 400000
5.0051e+06 410000
6.0054e+06 420000
6.0062e+06 430000
8.0075e+06 440000
7.0065e+06 450000
7.0071e+06 460000
8.0063e+06 470000
7.0058e+06 480000
7.0066e+06 490000
8.008e+06 500000
7.0065e+06 510000
7.0065e+06 520000
9.0076e+06 530000
8.0073e+06 540000
8.0077e+06 550000
8.0073e+06 560000
9.0084e+06 570000
9.0086e+06 580000
9.008e+06 590000
9.0082e+06 600000
9.0087e+06 610000
9.0075e+06 620000
9.008e+06 630000
9.0085e+06 640000
1.00093e+07 650000
1.00094e+07 660000
1.00094e+07 670000
1.10098e+07 680000
1.10102e+07 690000
1.10102e+07 700000
1.10101e+07 710000
1.10099e+07 720000
1.10101e+07 730000
1.10108e+07 740000
1.10094e+07 750000
1.20109e+07 760000
1.20115e+07 770000
1.20109e+07 780000
1.20113e+07 790000
1.20112e+07 800000
1.20103e+07 810000
1.20114e+07 820000
1.20117e+07 830000
1.30125e+07 840000
1.40123e+07 850000
1.40129e+07 860000
1.40133e+07 870000
1.4012e+07 880000
1.30123e+07 890000
1.30118e+07 900000
1.40122e+07 910000
1.50138e+07 920000
1.50135e+07 930000
1.50142e+07 940000
1.50142e+07 950000
1.45445e+07 960000
1.40123e+07 970000
1.50142e+07 980000
1.50139e+07 990000
1.60153e+07 1000000
1.50132e+07 1010000
1.60142e+07 1020000
1.70154e+07 1030000
1.60151e+07 1040000
1.80168e+07 1050000
1.7016e+07 1060000
1.60148e+07 1070000
1.70153e+07 1080000
1.652e+07 1090000
1.80157e+07 1100000
1.70153e+07 1110000
1.7016e+07 1120000
1.70152e+07 1130000
1.80166e+07 1140000
1.80166e+07 1150000
1.80169e+07 1160000
1.90172e+07 1170000
1.90184e+07 1180000
1.80163e+07 1190000
1.90164e+07 1200000
1.90174e+07 1210000
1.90175e+07 1220000
1.90177e+07 1230000
1.90169e+07 1240000
2.00182e+07 1250000
2.00185e+07 1260000
1.90164e+07 1270000
1.90178e+07 1280000
2.00183e+07 1290000
2.00182e+07 1300000
2.10188e+07 1310000
2.10188e+07 1320000
2.0018e+07 1330000
2.00182e+07 1340000
2.10191e+07 1350000
2.1019e+07 1360000
2.1019e+07 1370000
2.20202e+07 1380000
2.20205e+07 1390000
2.20204e+07 1400000
2.20208e+07 1410000
2.30196e+07 1420000
2.20195e+07 1430000
2.30204e+07 1440000
2.20209e+07 1450000
2.30206e+07 1460000
2.30205e+07 1470000
2.30204e+07 1480000
2.40218e+07 1490000
2.30203e+07 1500000
2.3022e+07 1510000
2.4022e+07 1520000
2.30327e+07 1530000
2.40212e+07 1540000
2.4021e+07 1550000
2.50218e+07 1560000
2.40228e+07 1570000
2.40229e+07 1580000
2.50233e+07 1590000
2.50231e+07 1600000
2.50227e+07 1610000
2.80256e+07 1620000
2.50227e+07 1630000
2.50226e+07 1640000
2.60382e+07 1650000
2.60236e+07 1660000
2.60236e+07 1670000
2.60238e+07 1680000
2.60237e+07 1690000
2.70248e+07 1700000
2.60231e+07 1710000
2.80259e+07 1720000
2.70245e+07 1730000
2.70252e+07 1740000
2.70244e+07 1750000
2.8026e+07 1760000
2.80252e+07 1770000
2.80256e+07 1780000
2.8026e+07 1790000
2.80263e+07 1800000
2.80263e+07 1810000
2.80256e+07 1820000
2.80259e+07 1830000
2.90267e+07 1840000
2.90267e+07 1850000
3.0027e+07 1860000
2.90261e+07 1870000
2.90265e+07 1880000
3.00293e+07 1890000
3.00269e+07 1900000
2.90259e+07 1910000
2.90257e+07 1920000
3.00275e+07 1930000
3.00268e+07 1940000
3.10283e+07 1950000
3.00276e+07 1960000
3.10287e+07 1970000
3.10297e+07 1980000
3.10279e+07 1990000
3.10279e+07 2000000
3.00276e+07 2010000
3.20291e+07 2020000
3.10284e+07 2030000
3.1029e+07 2040000
3.20287e+07 2050000
3.2029e+07 2060000
3.20315e+07 2070000
3.30299e+07 2080000
3.20295e+07 2090000
3.30299e+07 2100000
3.40314e+07 2110000
3.30303e+07 2120000
3.30302e+07 2130000
3.3031e+07 2140000
3.303e+07 2150000
3.30302e+07 2160000
3.40305e+07 2170000
3.70344e+07 2180000
3.50313e+07 2190000
3.4031e+07 2200000
3.40307e+07 2210000
3.50325e+07 2220000
3.50319e+07 2230000
3.50319e+07 2240000
3.50315e+07 2250000
3.60337e+07 2260000
3.50314e+07 2270000
3.6033e+07 2280000
3.70333e+07 2290000
3.70338e+07 2300000
3.60327e+07 2310000
3.60324e+07 2320000
3.60319e+07 2330000
3.70331e+07 2340000
3.70343e+07 2350000
3.70332e+07 2360000
3.80355e+07 2370000
3.80339e+07 2380000
3.80346e+07 2390000
3.80346e+07 2400000
3.80347e+07 2410000
3.90361e+07 2420000
3.85707e+07 2430000
3.90354e+07 2440000
3.80345e+07 2450000
3.90361e+07 2460000
4.0036e+07 2470000
4.00371e+07 2480000
3.90364e+07 2490000
4.00361e+07 2500000
3.90358e+07 2510000
4.00364e+07 2520000
4.00368e+07 2530000
4.10381e+07 2540000
4.10373e+07 2550000
4.0037e+07 2560000
4.10376e+07 2570000
4.00365e+07 2580000
4.10373e+07 2590000
4.20375e+07 2600000
4.10375e+07 2610000
4.20382e+07 2620000
4.30391e+07 2630000
4.25315e+07 2640000
4.20382e+07 2650000
4.60426e+07 2660000
4.20378e+07 2670000
4.30384e+07 2680000
4.304e+07 2690000
4.30393e+07 2700000
4.20381e+07 2710000
4.30386e+07 2720000
4.40401e+07 2730000
4.30388e+07 2740000
4.50408e+07 2750000
4.60417e+07 2760000
4.40396e+07 2770000
4.40402e+07 2780000
4.50407e+07 2790000
4.50404e+07 2800000
4.50411e+07 2810000
4.40403e+07 2820000
4.40396e+07 2830000
4.50417e+07 2840000
4.50412e+07 2850000
4.50409e+07 2860000
4.80428e+07 2870000
4.5041e+07 2880000
4.60408e+07 2890000
4.60422e+07 2900000
4.60421e+07 2910000
4.60418e+07 2920000
4.60409e+07 2930000
4.80435e+07 2940000
4.90455e+07 2950000
4.60414e+07 2960000
4.80439e+07 2970000
4.70424e+07 2980000
4.70428e+07 2990000
4.70424e+07 3000000
4.70429e+07 3010000
4.70429e+07 3020000
4.80441e+07 3030000
4.80438e+07 3040000
4.80431e+07 3050000
4.95481e+07 3060000
4.80436e+07 3070000
4.80437e+07 3080000
4.90459e+07 3090000
4.9045e+07 3100000
4.90451e+07 3110000
4.90446e+07 3120000
4.90444e+07 3130000
5.00459e+07 3140000
5.10469e+07 3150000
5.20475e+07 3160000
5.20473e+07 3170000
5.10463e+07 3180000
5.00464e+07 3190000
5.4049e+07 3200000
5.40492e+07 3210000
5.20469e+07 3220000
5.10464e+07 3230000
5.10472e+07 3240000
5.30483e+07 3250000
5.20484e+07 3260000
5.10473e+07 3270000
5.10471e+07 3280000
5.30474e+07 3290000
5.40501e+07 3300000
5.30479e+07 3310000
5.40491e+07 3320000
5.30487e+07 3330000
5.40488e+07 3340000
5.30491e+07 3350000
5.4049e+07 3360000
5.40496e+07 3370000
5.30471e+07 3380000
5.40501e+07 3390000
5.50513e+07 3400000
5.40497e+07 3410000
5.40495e+07 3420000
5.50499e+07 3430000
5.60506e+07 3440000
5.50499e+07 3450000
5.70522e+07 3460000
5.40485e+07 3470000
5.40486e+07 3480000
5.60513e+07 3490000
5.60514e+07 3500000
5.40498e+07 3510000
5.80526e+07 3520000
5.50499e+07 3530000
5.6051e+07 3540000
5.70522e+07 3550000
5.75894e+07 3560000
5.70513e+07 3570000
5.60508e+07 3580000
5.70513e+07 3590000
5.70518e+07 3600000
5.70523e+07 3610000
5.80524e+07 3620000
5.80532e+07 3630000
5.8065e+07 3640000
5.80532e+07 3650000
5.85573e+07 3660000
5.70526e+07 3670000
6.00569e+07 3680000
5.80524e+07 3690000
5.90541e+07 3700000
6.00539e+07 3710000
5.90534e+07 3720000
5.90534e+07 3730000
6.00547e+07 3740000
6.00542e+07 3750000
6.0054e+07 3760000
5.9057e+07 3770000
6.00547e+07 3780000
6.2056e+07 3790000
6.00555e+07 3800000
6.10551e+07 3810000
5.90539e+07 3820000
6.00548e+07 3830000
5.90542e+07 3840000
6.20564e+07 3850000
6.10564e+07 3860000
6.10552e+07 3870000
6.20573e+07 3880000
6.30574e+07 3890000
6.60605e+07 3900000
6.20552e+07 3910000
6.2056e+07 3920000
6.50589e+07 3930000
6.30572e+07 3940000
6.20569e+07 3950000
6.50591e+07 3960000
6.20572e+07 3970000
6.20568e+07 3980000
6.40587e+07 3990000
6.30578e+07 4000000
6.30572e+07 4010000
6.40583e+07 4020000
6.30565e+07 4030000
6.30572e+07 4040000
6.50589e+07 4050000
6.50586e+07 4060000
6.50593e+07 4070000
6.40583e+07 4080000
6.60597e+07 4090000
6.40582e+07 4100000
6.40579e+07 4110000
6.60598e+07 4120000
6.50584e+07 4130000
6.60602e+07 4140000
6.60595e+07 4150000
6.50586e+07 4160000
6.60611e+07 4170000
6.80626e+07 4180000
6.60602e+07 4190000
6.80617e+07 4200000
6.60601e+07 4210000
6.90647e+07 4220000
6.8061e+07 4230000
6.80627e+07 4240000
6.60591e+07 4250000
6.80618e+07 4260000
6.76249e+07 4270000
6.70606e+07 4280000
6.70618e+07 4290000
6.90627e+07 4300000
6.90624e+07 4310000
6.70603e+07 4320000
7.00632e+07 4330000
6.9063e+07 4340000
6.90632e+07 4350000
6.80623e+07 4360000
7.00641e+07 4370000
7.00641e+07 4380000
7.00655e+07 4390000
6.90632e+07 4400000
7.00635e+07 4410000
6.90626e+07 4420000
6.90631e+07 4430000
6.90624e+07 4440000
7.00647e+07 4450000
7.00639e+07 4460000
7.10637e+07 4470000
7.0064e+07 4480000
7.10645e+07 4490000
7.10654e+07 4500000
7.00636e+07 4510000
7.2066e+07 4520000
7.2069e+07 4530000
8.20748e+07 4540000
7.20655e+07 4550000
7.20657e+07 4560000
7.50911e+07 4570000
7.30662e+07 4580000
7.20654e+07 4590000
7.30735e+07 4600000
7.30658e+07 4610000
7.20659e+07 4620000
7.40681e+07 4630000
7.30672e+07 4640000
7.65749e+07 4650000
7.50684e+07 4660000
7.30664e+07 4670000
7.30658e+07 4680000
7.50678e+07 4690000
7.60727e+07 4700000
7.50684e+07 4710000
7.40671e+07 4720000
7.40671e+07 4730000
7.40677e+07 4740000
7.50682e+07 4750000
7.50683e+07 4760000
7.60694e+07 4770000
7.50682e+07 4780000
7.4068e+07 4790000
7.50689e+07 4800000
7.607e+07 4810000
7.60687e+07 4820000
7.70703e+07 4830000
7.70708e+07 4840000
7.60697e+07 4850000
7.70708e+07 4860000
7.60683e+07 4870000
7.70702e+07 4880000
7.80715e+07 4890000
7.70706e+07 4900000
7.70703e+07 4910000
7.60693e+07 4920000
7.80718e+07 4930000
7.80715e+07 4940000
7.80704e+07 4950000
7.70705e+07 4960000
7.80715e+07 4970000
7.807e+07 4980000
8.00724e+07 4990000
7.90719e+07 5000000
7.70707e+07 5010000
7.90723e+07 5020000
7.90714e+07 5030000
7.90717e+07 5040000
8.00732e+07 5050000
8.00724e+07 5060000
8.10745e+07 5070000
8.00724e+07 5080000
8.00729e+07 5090000
8.00722e+07 5100000
8.10737e+07 5110000
8.3075e+07 5120000
8.10738e+07 5130000
8.3076e+07 5140000
8.30754e+07 5150000
8.30761e+07 5160000
8.40772e+07 5170000
8.40764e+07 5180000
8.30756e+07 5190000
8.21022e+07 5200000
8.40767e+07 5210000
8.20741e+07 5220000
8.30751e+07 5230000
8.40761e+07 5240000
8.30758e+07 5250000
8.30756e+07 5260000
8.30761e+07 5270000
8.40769e+07 5280000
8.50772e+07 5290000
8.50777e+07 5300000
8.50772e+07 5310000
8.40763e+07 5320000
8.50772e+07 5330000
8.60785e+07 5340000
8.40772e+07 5350000
8.6079e+07 5360000
8.50774e+07 5370000
8.50766e+07 5380000
8.5078e+07 5390000
8.70795e+07 5400000
8.60783e+07 5410000
8.70796e+07 5420000
8.60789e+07 5430000
8.60787e+07 5440000
8.6078e+07 5450000
8.70777e+07 5460000
8.60784e+07 5470000
8.70794e+07 5480000
8.70801e+07 5490000
8.70797e+07 5500000
8.80831e+07 5510000
8.80798e+07 5520000
8.70794e+07 5530000
8.70794e+07 5540000
9.00824e+07 5550000
8.90819e+07 5560000
8.8081e+07 5570000
8.80807e+07 5580000
8.80916e+07 5590000
8.80803e+07 5600000
8.90811e+07 5610000
8.90805e+07 5620000
8.90821e+07 5630000
8.90804e+07 5640000
8.90808e+07 5650000
9.10828e+07 5660000
9.2083e+07 5670000
8.95857e+07 5680000
9.40842e+07 5690000
9.0082e+07 5700000
9.00817e+07 5710000
9.0082e+07 5720000
9.10826e+07 5730000
9.10835e+07 5740000
9.30852e+07 5750000
9.20856e+07 5760000
9.20835e+07 5770000
9.10824e+07 5780000
9.40858e+07 5790000
9.20842e+07 5800000
9.20846e+07 5810000
9.25889e+07 5820000
9.40845e+07 5830000
9.30849e+07 5840000
9.30865e+07 5850000
9.40858e+07 5860000
9.20836e+07 5870000
9.30851e+07 5880000
9.30845e+07 5890000
9.3084e+07 5900000
9.40858e+07 5910000
9.30849e+07 5920000
9.4086e+07 5930000
9.40868e+07 5940000
9.50869e+07 5950000
9.40989e+07 5960000
9.60874e+07 5970000
9.40849e+07 5980000
9.50868e+07 5990000
9.6087e+07 6000000
9.70878e+07 6010000
9.60884e+07 6020000
9.60878e+07 6030000
1.18108e+08 6040000
9.60872e+07 6050000
9.60873e+07 6060000
9.51001e+07 6070000
9.60874e+07 6080000
9.60875e+07 6090000
9.90907e+07 6100000
9.60876e+07 6110000
9.70881e+07 6120000
9.70891e+07 6130000
9.70889e+07 6140000
9.80901e+07 6150000
9.70907e+07 6160000
9.90913e+07 6170000
9.80893e+07 6180000
9.70885e+07 6190000
9.80912e+07 6200000
9.80892e+07 6210000
9.80891e+07 6220000
9.80892e+07 6230000
9.80893e+07 6240000
9.964e+07 6250000
9.90909e+07 6260000
9.80899e+07 6270000
1.00091e+08 6280000
1.00091e+08 6290000
1.00093e+08 6300000
1.00091e+08 6310000
1.00091e+08 6320000
1.00091e+08 6330000
1.00091e+08 6340000
1.01092e+08 6350000
1.00091e+08 6360000
1.01092e+08 6370000
1.01092e+08 6380000
1.00091e+08 6390000
1.01092e+08 6400000
1.01092e+08 6410000
1.03093e+08 6420000
1.05095e+08 6430000
1.04279e+08 6440000
1.01092e+08 6450000
1.05095e+08 6460000
1.02093e+08 6470000
1.05096e+08 6480000
1.04095e+08 6490000
1.04095e+08 6500000
1.03094e+08 6510000
1.03094e+08 6520000
1.03093e+08 6530000
1.04095e+08 6540000
1.06096e+08 6550000
1.05096e+08 6560000
1.04094e+08 6570000
1.04095e+08 6580000
1.05096e+08 6590000
1.02093e+08 6600000
1.07098e+08 6610000
1.05096e+08 6620000
1.06096e+08 6630000
1.05095e+08 6640000
1.04094e+08 6650000
1.05096e+08 6660000
1.04095e+08 6670000
1.06097e+08 6680000
1.06097e+08 6690000
1.08112e+08 6700000
1.06096e+08 6710000
1.07098e+08 6720000
1.06097e+08 6730000
1.08098e+08 6740000
1.081e+08 6750000
1.08098e+08 6760000
1.07097e+08 6770000
1.09099e+08 6780000
1.07098e+08 6790000
1.09099e+08 6800000
1.07098e+08 6810000
1.07098e+08 6820000
1.08099e+08 6830000
1.091e+08 6840000
1.101e+08 6850000
1.10101e+08 6860000
1.08098e+08 6870000
1.09099e+08 6880000
1.26131e+08 6890000
1.09639e+08 6900000
1.101e+08 6910000
1.09099e+08 6920000
1.101e+08 6930000
1.10347e+08 6940000
1.11102e+08 6950000
1.10112e+08 6960000
1.12653e+08 6970000
1.101e+08 6980000
1.12102e+08 6990000
1.10101e+08 7000000
1.12386e+08 7010000
1.11101e+08 7020000
1.11101e+08 7030000
1.12101e+08 7040000
1.12102e+08 7050000
1.13103e+08 7060000
1.12102e+08 7070000
1.14104e+08 7080000
1.12113e+08 7090000
1.12102e+08 7100000
1.12101e+08 7110000
1.13103e+08 7120000
1.15104e+08 7130000
1.13103e+08 7140000
1.12102e+08 7150000
1.14104e+08 7160000
1.14104e+08 7170000
1.14106e+08 7180000
1.14104e+08 7190000
1.14105e+08 7200000
1.14105e+08 7210000
1.16106e+08 7220000
1.14105e+08 7230000
1.14104e+08 7240000
1.17107e+08 7250000
1.16639e+08 7260000
1.16106e+08 7270000
1.16105e+08 7280000
1.17106e+08 7290000
1.16106e+08 7300000
1.16105e+08 7310000
1.17106e+08 7320000
1.17108e+08 7330000
1.16106e+08 7340000
1.18107e+08 7350000
1.29117e+08 7360000
1.17106e+08 7370000
1.17107e+08 7380000
1.19108e+08 7390000
1.15105e+08 7400000
1.20112e+08 7410000
1.17107e+08 7420000
1.18107e+08 7430000
1.18108e+08 7440000
1.20646e+08 7450000
1.17108e+08 7460000
1.19109e+08 7470000
1.19108e+08 7480000
1.18611e+08 7490000
1.2011e+08 7500000
1.19109e+08 7510000
1.19108e+08 7520000
1.19107e+08 7530000
1.2011e+08 7540000
1.18612e+08 7550000
1.2011e+08 7560000
1.22111e+08 7570000
1.2111e+08 7580000
1.19108e+08 7590000
1.18108e+08 7600000
1.22112e+08 7610000
1.2011e+08 7620000
1.21111e+08 7630000
1.2111e+08 7640000
1.21122e+08 7650000
1.21113e+08 7660000
1.21111e+08 7670000
1.22124e+08 7680000
1.22111e+08 7690000
1.22111e+08 7700000
1.25114e+08 7710000
1.22112e+08 7720000
1.24112e+08 7730000
1.23112e+08 7740000
1.22111e+08 7750000
1.25114e+08 7760000
1.24114e+08 7770000
1.25114e+08 7780000
1.23112e+08 7790000
1.24113e+08 7800000
1.22111e+08 7810000
1.22111e+08 7820000
1.27116e+08 7830000
1.25114e+08 7840000
1.23112e+08 7850000
1.26115e+08 7860000
1.27115e+08 7870000
1.25114e+08 7880000
1.25114e+08 7890000
1.25116e+08 7900000
1.25116e+08 7910000
1.26115e+08 7920000
1.26644e+08 7930000
1.26115e+08 7940000
1.27115e+08 7950000
1.26115e+08 7960000
1.26115e+08 7970000
1.27115e+08 7980000
1.26114e+08 7990000
1.26115e+08 8000000
1.28117e+08 8010000
1.27116e+08 8020000
1.27115e+08 8030000
1.27116e+08 8040000
1.28117e+08 8050000
1.27115e+08 8060000
1.27115e+08 8070000
1.30118e+08 8080000
1.30121e+08 8090000
1.29117e+08 8100000
1.28116e+08 8110000
1.28116e+08 8120000
1.28117e+08 8130000
1.30118e+08 8140000
1.30118e+08 8150000
1.30118e+08 8160000
1.30118e+08 8170000
1.38125e+08 8180000
1.3212e+08 8190000
1.33121e+08 8200000
1.30119e+08 8210000
1.31119e+08 8220000
1.32121e+08 8230000
1.3112e+08 8240000
1.3212e+08 8250000
1.3112e+08 8260000
1.30119e+08 8270000
1.31118e+08 8280000
1.30119e+08 8290000
1.3212e+08 8300000
1.33122e+08 8310000
1.3212e+08 8320000
1.32121e+08 8330000
1.3212e+08 8340000
1.3212e+08 8350000
1.33122e+08 8360000
1.32121e+08 8370000
1.33122e+08 8380000
1.33122e+08 8390000
1.35123e+08 8400000
1.33122e+08 8410000
1.36124e+08 8420000
1.33121e+08 8430000
1.33121e+08 8440000
1.35124e+08 8450000
1.33121e+08 8460000
1.34124e+08 8470000
1.33122e+08 8480000
1.34122e+08 8490000
1.34122e+08 8500000
1.38319e+08 8510000
1.35123e+08 8520000
1.35124e+08 8530000
1.36126e+08 8540000
1.35124e+08 8550000
1.3863e+08 8560000
1.36125e+08 8570000
1.36126e+08 8580000
1.37125e+08 8590000
1.36124e+08 8600000
1.37138e+08 8610000
1.38128e+08 8620000
1.37124e+08 8630000
1.37124e+08 8640000
1.41128e+08 8650000
1.46132e+08 8660000
1.46134e+08 8670000
1.37125e+08 8680000
1.38126e+08 8690000
1.39126e+08 8700000
1.37124e+08 8710000
1.38127e+08 8720000
1.38126e+08 8730000
1.40128e+08 8740000
1.39126e+08 8750000
1.39126e+08 8760000
1.38126e+08 8770000
1.37631e+08 8780000
1.39127e+08 8790000
1.39127e+08 8800000
1.39127e+08 8810000
1.4213e+08 8820000
1.41129e+08 8830000
1.41129e+08 8840000
1.39126e+08 8850000
1.40128e+08 8860000
1.39127e+08 8870000
1.42129e+08 8880000
1.42131e+08 8890000
1.41128e+08 8900000
1.43131e+08 8910000
1.43131e+08 8920000
1.4313e+08 8930000
1.4213e+08 8940000
1.4313e+08 8950000
1.42147e+08 8960000
1.4313e+08 8970000
1.4213e+08 8980000
1.4313e+08 8990000
1.4213e+08 9000000
1.44132e+08 9010000
1.4313e+08 9020000
1.4313e+08 9030000
1.43131e+08 9040000
1.46133e+08 9050000
1.45132e+08 9060000
1.61652e+08 9070000
1.44131e+08 9080000
1.4313e+08 9090000
1.45132e+08 9100000
1.47134e+08 9110000
1.46133e+08 9120000
1.47136e+08 9130000
1.46133e+08 9140000
1.46133e+08 9150000
1.45132e+08 9160000
1.49136e+08 9170000
1.48135e+08 9180000
1.47146e+08 9190000
1.47118e+08 9200000
1.46133e+08 9210000
1.47146e+08 9220000
1.47134e+08 9230000
1.48135e+08 9240000
1.46133e+08 9250000
1.48134e+08 9260000
1.47134e+08 9270000
1.47134e+08 9280000
1.49137e+08 9290000
1.48135e+08 9300000
1.49136e+08 9310000
1.49136e+08 9320000
1.48134e+08 9330000
1.47134e+08 9340000
1.52138e+08 9350000
1.50166e+08 9360000
1.50136e+08 9370000
1.48135e+08 9380000
1.49136e+08 9390000
1.48135e+08 9400000
1.48136e+08 9410000
1.49136e+08 9420000
1.55141e+08 9430000
1.50148e+08 9440000
1.50137e+08 9450000
1.51137e+08 9460000
1.50137e+08 9470000
1.50137e+08 9480000
1.50665e+08 9490000
1.50138e+08 9500000
1.49136e+08 9510000
1.53139e+08 9520000
1.52138e+08 9530000
1.5218e+08 9540000
1.52139e+08 9550000
1.53139e+08 9560000
1.52139e+08 9570000
1.52139e+08 9580000
1.51137e+08 9590000
1.5612e+08 9600000
1.53139e+08 9610000
1.52138e+08 9620000
1.53139e+08 9630000
1.5314e+08 9640000
1.5454e+08 9650000
1.54141e+08 9660000
1.52671e+08 9670000
1.5414e+08 9680000
1.56142e+08 9690000
1.55141e+08 9700000
1.54141e+08 9710000
1.5314e+08 9720000
1.54141e+08 9730000
1.56143e+08 9740000
1.56143e+08 9750000
1.56142e+08 9760000
1.57144e+08 9770000
1.55141e+08 9780000
1.56142e+08 9790000
1.57145e+08 9800000
1.55142e+08 9810000
1.59145e+08 9820000
1.55142e+08 9830000
1.56142e+08 9840000
1.56142e+08 9850000
1.58144e+08 9860000
1.59145e+08 9870000
1.55142e+08 9880000
1.57143e+08 9890000
1.57648e+08 9900000
1.58144e+08 9910000
1.58144e+08 9920000
1.58144e+08 9930000
1.59467e+08 9940000
1.60146e+08 9950000
1.5701e+08 9960000
1.60146e+08 9970000
1.59145e+08 9980000
1.63148e+08 9990000
1.61146e+08 10000000
