0 10000
0 20000
0 30000
0 40000
0 50000
0 60000
0 70000
0 80000
0 90000
0 100000
0 110000
1.0003e+06 120000
0 130000
1.0005e+06 140000
0 150000
1.001e+06 160000
0 170000
0 180000
1.0017e+06 190000
1.0013e+06 200000
1.0014e+06 210000
1.0007e+06 220000
0 230000
1.0007e+06 240000
0 250000
1.0006e+06 260000
1.0022e+06 270000
0 280000
0 290000
1.002e+06 300000
1.0033e+06 310000
1.0001e+06 320000
1.0002e+06 330000
1.0014e+06 340000
0 350000
1.0007e+06 360000
1.0012e+06 370000
1.0004e+06 380000
1.0005e+06 390000
1.0024e+06 400000
1.0003e+06 410000
1.0009e+06 420000
1.0009e+06 430000
1.0008e+06 440000
1.001e+06 450000
1e+06 460000
1.0003e+06 470000
1.0005e+06 480000
1.0004e+06 490000
1.0014e+06 500000
1.0004e+06 510000
1e+06 520000
1.0004e+06 530000
2.0021e+06 540000
2.0016e+06 550000
2.0022e+06 560000
2.0021e+06 570000
1.0009e+06 580000
1.0013e+06 590000
1.0019e+06 600000
2.0014e+06 610000
1.0011e+06 620000
1.0013e+06 630000
1.0003e+06 640000
1.0001e+06 650000
1.0008e+06 660000
1.0009e+06 670000
3.0033e+06 680000
1.0003e+06 690000
1.001e+06 700000
2.0011e+06 710000
2.0015e+06 720000
3.0028e+06 730000
3.0033e+06 740000
2.0023e+06 750000
3.0033e+06 760000
2.0005e+06 770000
2.002e+06 780000
2.0004e+06 790000
3.0027e+06 800000
2.0018e+06 810000
2.002e+06 820000
3.0022e+06 830000
3.0023e+06 840000
2.0016e+06 850000
4.0031e+06 860000
2.002e+06 870000
3.0026e+06 880000
2.002e+06 890000
3.0026e+06 900000
3.0022e+06 910000
2.002e+06 920000
2.0021e+06 930000
3.0018e+06 940000
3.0022e+06 950000
4.0036e+06 960000
3.0024e+06 970000
2.0022e+06 980000
4.0037e+06 990000
3.0019e+06 1000000
4.0038e+06 1010000
4.0049e+06 1020000
4.0039e+06 1030000
4.0044e+06 1040000
2.0018e+06 1050000
2.0018e+06 1060000
4.0039e+06 1070000
3.0026e+06 1080000
4.0032e+06 1090000
5.0041e+06 1100000
5.0043e+06 1110000
3.0036e+06 1120000
4.0033e+06 1130000
2.0022e+06 1140000
4.0045e+06 1150000
3.0027e+06 1160000
4.0037e+06 1170000
3.0022e+06 1180000
4.0035e+06 1190000
4.003e+06 1200000
4.0042e+06 1210000
5.0041e+06 1220000
3.002e+06 1230000
6.0052e+06 1240000
5.0049e+06 1250000
4.0042e+06 1260000
4.0044e+06 1270000
4.0041e+06 1280000
3.0017e+06 1290000
3.0032e+06 1300000
5.0042e+06 1310000
4.0036e+06 1320000
6.0055e+06 1330000
3.0028e+06 1340000
5.0039e+06 1350000
4.0023e+06 1360000
5.0055e+06 1370000
5.0054e+06 1380000
6.0061e+06 1390000
5.0044e+06 1400000
6.0173e+06 1410000
5.0042e+06 1420000
6.0053e+06 1430000
5.0048e+06 1440000
5.0043e+06 1450000
6.0051e+06 1460000
6.0064e+06 1470000
6.0053e+06 1480000
7.0066e+06 1490000
6.0059e+06 1500000
7.0058e+06 1510000
7.0071e+06 1520000
6.0055e+06 1530000
7.0062e+06 1540000
7.0065e+06 1550000
7.0062e+06 1560000
6.0053e+06 1570000
5.0051e+06 1580000
6.0058e+06 1590000
7.0061e+06 1600000
7.0067e+06 1610000
7.0073e+06 1620000
5.0056e+06 1630000
6.0067e+06 1640000
6.0047e+06 1650000
6.0045e+06 1660000
6.0051e+06 1670000
7.0065e+06 1680000
6.0053e+06 1690000
7.0061e+06 1700000
6.0054e+06 1710000
6.005e+06 1720000
6.0056e+06 1730000
6.0053e+06 1740000
7.0065e+06 1750000
7.0066e+06 1760000
7.006e+06 1770000
7.0063e+06 1780000
7.0073e+06 1790000
6.0051e+06 1800000
8.0078e+06 1810000
7.0064e+06 1820000
8.0076e+06 1830000
6.007e+06 1840000
8.0054e+06 1850000
5.0039e+06 1860000
6.0067e+06 1870000
7.0066e+06 1880000
9.0085e+06 1890000
7.007e+06 1900000
4.0044e+06 1910000
9.0082e+06 1920000
9.0081e+06 1930000
9.008e+06 1940000
7.0055e+06 1950000
8.0073e+06 1960000
8.0075e+06 1970000
9.0089e+06 1980000
9.0087e+06 1990000
9.0084e+06 2000000
6.0054e+06 2010000
7.0067e+06 2020000
8.0072e+06 2030000
9.0081e+06 2040000
9.0082e+06 2050000
9.0088e+06 2060000
9.0086e+06 2070000
7.0062e+06 2080000
9.0083e+06 2090000
1.00087e+07 2100000
1.00087e+07 2110000
1.101e+07 2120000
1.10104e+07 2130000
1.00093e+07 2140000
9.0085e+06 2150000
9.0078e+06 2160000
1.00091e+07 2170000
1.10099e+07 2180000
9.0076e+06 2190000
1.00091e+07 2200000
1.00087e+07 2210000
1.00085e+07 2220000
8.0061e+06 2230000
8.0058e+06 2240000
8.007e+06 2250000
1.00086e+07 2260000
1.10102e+07 2270000
5.0035e+06 2280000
8.0068e+06 2290000
9.0078e+06 2300000
9.0084e+06 2310000
9.0082e+06 2320000
6.0052e+06 2330000
9.0085e+06 2340000
1.20127e+07 2350000
8.007e+06 2360000
9.0083e+06 2370000
1.0009e+07 2380000
1.00101e+07 2390000
1.10099e+07 2400000
1.20108e+07 2410000
1.10091e+07 2420000
1.10098e+07 2430000
1.20108e+07 2440000
1.10105e+07 2450000
1.20101e+07 2460000
1.10101e+07 2470000
1.10106e+07 2480000
1.20103e+07 2490000
1.30121e+07 2500000
1.10108e+07 2510000
1.20117e+07 2520000
1.00077e+07 2530000
1.00101e+07 2540000
1.101e+07 2550000
1.2011e+07 2560000
1.10108e+07 2570000
1.30116e+07 2580000
1.101e+07 2590000
1.20108e+07 2600000
1.20108e+07 2610000
1.10096e+07 2620000
1.20107e+07 2630000
1.10106e+07 2640000
1.20112e+07 2650000
1.20118e+07 2660000
1.10099e+07 2670000
1.00091e+07 2680000
1.10101e+07 2690000
1.10099e+07 2700000
1.20112e+07 2710000
1.40128e+07 2720000
1.20112e+07 2730000
1.10098e+07 2740000
1.40128e+07 2750000
1.10105e+07 2760000
1.20107e+07 2770000
1.3012e+07 2780000
1.30118e+07 2790000
1.20112e+07 2800000
1.30117e+07 2810000
1.40125e+07 2820000
1.30118e+07 2830000
1.30115e+07 2840000
1.30114e+07 2850000
1.2011e+07 2860000
1.2011e+07 2870000
1.3012e+07 2880000
1.3008e+07 2890000
1.10088e+07 2900000
1.40128e+07 2910000
1.5013e+07 2920000
1.20396e+07 2930000
1.20112e+07 2940000
1.40125e+07 2950000
1.40134e+07 2960000
1.40127e+07 2970000
1.40125e+07 2980000
1.40129e+07 2990000
1.50136e+07 3000000
1.30117e+07 3010000
1.50142e+07 3020000
1.40137e+07 3030000
1.40128e+07 3040000
1.40126e+07 3050000
1.40127e+07 3060000
1.50127e+07 3070000
1.40118e+07 3080000
1.30119e+07 3090000
1.30121e+07 3100000
1.30121e+07 3110000
1.60147e+07 3120000
1.50137e+07 3130000
1.50139e+07 3140000
1.40129e+07 3150000
1.50143e+07 3160000
1.60142e+07 3170000
1.50133e+07 3180000
1.40126e+07 3190000
1.4012e+07 3200000
1.4015e+07 3210000
1.40237e+07 3220000
1.50138e+07 3230000
1.40129e+07 3240000
1.60136e+07 3250000
1.60145e+07 3260000
1.60145e+07 3270000
1.70154e+07 3280000
1.40127e+07 3290000
1.20104e+07 3300000
1.70154e+07 3310000
1.50146e+07 3320000
1.40133e+07 3330000
1.50137e+07 3340000
1.60156e+07 3350000
1.30113e+07 3360000
1.70157e+07 3370000
1.40136e+07 3380000
1.60148e+07 3390000
1.70151e+07 3400000
1.60147e+07 3410000
1.50137e+07 3420000
1.60136e+07 3430000
1.70153e+07 3440000
1.60141e+07 3450000
1.70146e+07 3460000
1.70146e+07 3470000
1.60142e+07 3480000
1.50141e+07 3490000
1.70163e+07 3500000
1.70152e+07 3510000
1.40122e+07 3520000
1.80168e+07 3530000
1.80164e+07 3540000
1.7015e+07 3550000
1.70161e+07 3560000
1.20104e+07 3570000
1.80168e+07 3580000
1.60154e+07 3590000
1.80164e+07 3600000
1.60145e+07 3610000
1.80157e+07 3620000
1.70159e+07 3630000
1.60148e+07 3640000
1.70153e+07 3650000
1.80168e+07 3660000
1.80161e+07 3670000
1.50129e+07 3680000
1.60109e+07 3690000
1.80155e+07 3700000
1.70162e+07 3710000
1.90177e+07 3720000
1.70153e+07 3730000
1.90181e+07 3740000
1.7016e+07 3750000
1.90167e+07 3760000
1.80174e+07 3770000
1.8016e+07 3780000
1.89344e+07 3790000
1.80171e+07 3800000
1.60147e+07 3810000
1.90166e+07 3820000
1.90164e+07 3830000
2.00183e+07 3840000
1.90169e+07 3850000
2.0018e+07 3860000
1.90176e+07 3870000
1.70156e+07 3880000
2.00175e+07 3890000
1.90176e+07 3900000
1.9017e+07 3910000
1.8017e+07 3920000
2.00185e+07 3930000
1.90171e+07 3940000
2.00186e+07 3950000
1.9017e+07 3960000
1.90167e+07 3970000
1.90181e+07 3980000
2.10187e+07 3990000
1.90166e+07 4000000
1.90172e+07 4010000
1.98902e+07 4020000
2.00181e+07 4030000
2.00185e+07 4040000
2.00177e+07 4050000
2.00189e+07 4060000
1.80166e+07 4070000
2.1019e+07 4080000
1.80177e+07 4090000
2.10196e+07 4100000
2.00183e+07 4110000
2.00189e+07 4120000
2.10191e+07 4130000
2.00182e+07 4140000
1.8017e+07 4150000
2.10191e+07 4160000
1.60151e+07 4170000
2.00175e+07 4180000
2.00185e+07 4190000
1.60143e+07 4200000
1.80159e+07 4210000
1.80169e+07 4220000
2.00184e+07 4230000
2.00179e+07 4240000
1.70154e+07 4250000
2.10192e+07 4260000
1.90168e+07 4270000
1.90169e+07 4280000
1.80168e+07 4290000
2.1019e+07 4300000
2.00185e+07 4310000
2.00188e+07 4320000
2.10192e+07 4330000
2.20197e+07 4340000
2.20208e+07 4350000
2.20205e+07 4360000
2.10188e+07 4370000
2.10184e+07 4380000
1.90181e+07 4390000
2.20201e+07 4400000
2.20201e+07 4410000
2.20207e+07 4420000
2.20204e+07 4430000
2.00184e+07 4440000
1.90172e+07 4450000
2.00184e+07 4460000
2.20201e+07 4470000
2.10199e+07 4480000
2.00182e+07 4490000
2.00183e+07 4500000
2.10189e+07 4510000
1.80172e+07 4520000
2.10193e+07 4530000
2.30207e+07 4540000
2.10188e+07 4550000
2.10195e+07 4560000
2.10196e+07 4570000
2.20208e+07 4580000
2.20202e+07 4590000
2.3023e+07 4600000
2.00182e+07 4610000
2.40228e+07 4620000
2.20201e+07 4630000
2.20203e+07 4640000
1.90172e+07 4650000
2.10193e+07 4660000
2.40213e+07 4670000
2.30212e+07 4680000
2.40221e+07 4690000
2.10192e+07 4700000
2.40219e+07 4710000
2.40212e+07 4720000
2.20203e+07 4730000
2.30206e+07 4740000
2.30208e+07 4750000
2.20209e+07 4760000
2.40216e+07 4770000
2.47166e+07 4780000
2.30203e+07 4790000
2.20218e+07 4800000
2.40227e+07 4810000
2.30209e+07 4820000
2.30207e+07 4830000
2.30202e+07 4840000
2.40217e+07 4850000
2.20194e+07 4860000
2.50211e+07 4870000
2.40223e+07 4880000
2.30215e+07 4890000
2.202e+07 4900000
2.40208e+07 4910000
2.40214e+07 4920000
2.40219e+07 4930000
2.30209e+07 4940000
2.60231e+07 4950000
2.4022e+07 4960000
2.40215e+07 4970000
2.30217e+07 4980000
2.30213e+07 4990000
2.20199e+07 5000000
2.4022e+07 5010000
2.50253e+07 5020000
2.40219e+07 5030000
2.20223e+07 5040000
2.20193e+07 5050000
2.40211e+07 5060000
2.40226e+07 5070000
2.40211e+07 5080000
2.40222e+07 5090000
2.10191e+07 5100000
2.40216e+07 5110000
2.30212e+07 5120000
2.60237e+07 5130000
2.40225e+07 5140000
2.50228e+07 5150000
2.50226e+07 5160000
2.60239e+07 5170000
2.50225e+07 5180000
2.60229e+07 5190000
2.70254e+07 5200000
2.60246e+07 5210000
2.50228e+07 5220000
2.70251e+07 5230000
2.60242e+07 5240000
2.70249e+07 5250000
2.60231e+07 5260000
2.40214e+07 5270000
2.70251e+07 5280000
2.50227e+07 5290000
2.60242e+07 5300000
2.70243e+07 5310000
2.60231e+07 5320000
2.60235e+07 5330000
2.60235e+07 5340000
2.20204e+07 5350000
2.60238e+07 5360000
2.60232e+07 5370000
2.60247e+07 5380000
2.50219e+07 5390000
2.60235e+07 5400000
2.60227e+07 5410000
2.80258e+07 5420000
2.60235e+07 5430000
2.60245e+07 5440000
2.60428e+07 5450000
2.7025e+07 5460000
2.80256e+07 5470000
2.60241e+07 5480000
2.90271e+07 5490000
2.50223e+07 5500000
2.70243e+07 5510000
2.90257e+07 5520000
2.60243e+07 5530000
2.8026e+07 5540000
2.60246e+07 5550000
2.60238e+07 5560000
3.00271e+07 5570000
2.60241e+07 5580000
2.80254e+07 5590000
2.70245e+07 5600000
2.60231e+07 5610000
2.90271e+07 5620000
2.90268e+07 5630000
2.70247e+07 5640000
2.90266e+07 5650000
2.80258e+07 5660000
2.80249e+07 5670000
2.60235e+07 5680000
2.80257e+07 5690000
2.80259e+07 5700000
2.90265e+07 5710000
2.90269e+07 5720000
2.90255e+07 5730000
3.00277e+07 5740000
2.90276e+07 5750000
3.00286e+07 5760000
3.00275e+07 5770000
2.90275e+07 5780000
2.9027e+07 5790000
2.70242e+07 5800000
3.00268e+07 5810000
2.90265e+07 5820000
2.80263e+07 5830000
2.80254e+07 5840000
2.70246e+07 5850000
2.90266e+07 5860000
2.80255e+07 5870000
2.9027e+07 5880000
2.70251e+07 5890000
2.80248e+07 5900000
2.90267e+07 5910000
2.90265e+07 5920000
2.90269e+07 5930000
3.00275e+07 5940000
2.80258e+07 5950000
3.00271e+07 5960000
3.00268e+07 5970000
2.90267e+07 5980000
3.1028e+07 5990000
3.00276e+07 6000000
3.10284e+07 6010000
2.90261e+07 6020000
3.00273e+07 6030000
3.00272e+07 6040000
3.00268e+07 6050000
2.80256e+07 6060000
3.0027e+07 6070000
3.00271e+07 6080000
3.00273e+07 6090000
3.1028e+07 6100000
3.10286e+07 6110000
3.0027e+07 6120000
3.20297e+07 6130000
3.10276e+07 6140000
3.10272e+07 6150000
2.9026e+07 6160000
3.00274e+07 6170000
3.10277e+07 6180000
2.90255e+07 6190000
3.10281e+07 6200000
3.00272e+07 6210000
3.10282e+07 6220000
3.10281e+07 6230000
3.00269e+07 6240000
3.05309e+07 6250000
3.10281e+07 6260000
3.30299e+07 6270000
3.00279e+07 6280000
2.90262e+07 6290000
3.10283e+07 6300000
3.00277e+07 6310000
2.98779e+07 6320000
3.30301e+07 6330000
3.20283e+07 6340000
3.00273e+07 6350000
3.20289e+07 6360000
3.20291e+07 6370000
3.00275e+07 6380000
3.30301e+07 6390000
3.30299e+07 6400000
3.3031e+07 6410000
3.10295e+07 6420000
3.20299e+07 6430000
3.20291e+07 6440000
3.20287e+07 6450000
3.30309e+07 6460000
3.30302e+07 6470000
3.40309e+07 6480000
3.30298e+07 6490000
3.10277e+07 6500000
2.40216e+07 6510000
3.2029e+07 6520000
3.20282e+07 6530000
3.303e+07 6540000
3.40312e+07 6550000
3.303e+07 6560000
3.20285e+07 6570000
3.30298e+07 6580000
3.20282e+07 6590000
3.303e+07 6600000
3.10295e+07 6610000
3.30304e+07 6620000
3.40314e+07 6630000
3.50326e+07 6640000
3.40307e+07 6650000
3.20295e+07 6660000
3.30306e+07 6670000
3.30293e+07 6680000
3.40309e+07 6690000
3.20288e+07 6700000
3.20292e+07 6710000
3.40437e+07 6720000
3.50326e+07 6730000
3.30302e+07 6740000
3.40318e+07 6750000
3.30302e+07 6760000
3.50319e+07 6770000
3.303e+07 6780000
3.40308e+07 6790000
3.50327e+07 6800000
3.60331e+07 6810000
3.403e+07 6820000
3.5032e+07 6830000
3.40317e+07 6840000
3.40316e+07 6850000
3.60328e+07 6860000
3.50314e+07 6870000
3.50316e+07 6880000
3.50321e+07 6890000
3.40303e+07 6900000
3.30294e+07 6910000
3.40318e+07 6920000
3.50312e+07 6930000
3.50321e+07 6940000
3.5032e+07 6950000
3.50319e+07 6960000
3.70345e+07 6970000
3.7033e+07 6980000
3.60331e+07 6990000
3.70331e+07 7000000
3.50321e+07 7010000
3.30296e+07 7020000
3.50316e+07 7030000
3.60334e+07 7040000
3.50323e+07 7050000
3.70334e+07 7060000
3.5032e+07 7070000
3.60328e+07 7080000
3.60323e+07 7090000
3.50329e+07 7100000
3.6033e+07 7110000
3.70325e+07 7120000
3.70335e+07 7130000
3.60334e+07 7140000
3.5033e+07 7150000
3.60328e+07 7160000
3.60333e+07 7170000
3.70332e+07 7180000
3.70328e+07 7190000
3.7044e+07 7200000
3.60333e+07 7210000
3.70344e+07 7220000
3.60325e+07 7230000
3.60326e+07 7240000
3.80334e+07 7250000
3.70335e+07 7260000
2.90274e+07 7270000
3.70339e+07 7280000
3.80348e+07 7290000
3.80349e+07 7300000
3.9035e+07 7310000
3.90352e+07 7320000
3.70337e+07 7330000
3.60328e+07 7340000
3.7033e+07 7350000
3.90357e+07 7360000
3.80346e+07 7370000
3.80346e+07 7380000
3.70336e+07 7390000
3.80347e+07 7400000
3.90362e+07 7410000
3.70335e+07 7420000
3.8034e+07 7430000
3.80343e+07 7440000
3.70335e+07 7450000
3.70337e+07 7460000
3.80347e+07 7470000
3.6033e+07 7480000
3.90354e+07 7490000
3.80345e+07 7500000
3.80345e+07 7510000
4.00363e+07 7520000
3.90357e+07 7530000
3.80342e+07 7540000
3.9035e+07 7550000
3.90356e+07 7560000
3.80372e+07 7570000
4.00362e+07 7580000
3.8035e+07 7590000
3.90357e+07 7600000
3.70333e+07 7610000
3.90377e+07 7620000
4.00361e+07 7630000
3.60329e+07 7640000
3.90363e+07 7650000
3.90348e+07 7660000
4.00366e+07 7670000
3.90356e+07 7680000
3.90357e+07 7690000
4.00369e+07 7700000
3.90344e+07 7710000
4.00365e+07 7720000
3.80334e+07 7730000
4.10378e+07 7740000
4.00365e+07 7750000
3.80341e+07 7760000
4.00363e+07 7770000
3.90357e+07 7780000
3.90353e+07 7790000
4.00355e+07 7800000
4.10375e+07 7810000
4.00364e+07 7820000
3.90353e+07 7830000
4.00363e+07 7840000
4.10373e+07 7850000
4.00364e+07 7860000
4.00367e+07 7870000
4.00362e+07 7880000
4.10372e+07 7890000
4.00367e+07 7900000
3.9038e+07 7910000
4.00359e+07 7920000
4.13631e+07 7930000
4.00363e+07 7940000
4.10374e+07 7950000
4.0036e+07 7960000
4.1037e+07 7970000
4.10367e+07 7980000
4.20375e+07 7990000
4.10374e+07 8000000
4.20369e+07 8010000
4.10375e+07 8020000
4.20382e+07 8030000
4.00361e+07 8040000
4.10364e+07 8050000
4.10372e+07 8060000
4.00365e+07 8070000
4.10377e+07 8080000
4.1037e+07 8090000
4.10375e+07 8100000
4.10368e+07 8110000
4.20379e+07 8120000
4.10371e+07 8130000
4.30385e+07 8140000
4.1038e+07 8150000
4.3039e+07 8160000
4.20385e+07 8170000
4.20383e+07 8180000
4.20381e+07 8190000
4.30397e+07 8200000
4.10379e+07 8210000
4.30395e+07 8220000
4.10375e+07 8230000
4.40405e+07 8240000
4.10376e+07 8250000
4.10367e+07 8260000
4.20386e+07 8270000
3.00269e+07 8280000
4.30391e+07 8290000
4.30387e+07 8300000
4.2042e+07 8310000
4.30389e+07 8320000
4.20381e+07 8330000
4.30391e+07 8340000
4.50403e+07 8350000
4.30392e+07 8360000
4.40405e+07 8370000
4.30381e+07 8380000
4.20387e+07 8390000
4.40409e+07 8400000
4.30391e+07 8410000
4.20384e+07 8420000
4.40398e+07 8430000
4.40397e+07 8440000
4.20378e+07 8450000
4.40391e+07 8460000
4.40398e+07 8470000
4.10367e+07 8480000
4.30391e+07 8490000
4.30389e+07 8500000
4.30386e+07 8510000
4.3039e+07 8520000
4.50404e+07 8530000
4.50407e+07 8540000
4.30396e+07 8550000
4.20375e+07 8560000
4.6042e+07 8570000
4.4039e+07 8580000
4.20385e+07 8590000
4.3039e+07 8600000
4.40403e+07 8610000
4.60416e+07 8620000
4.40395e+07 8630000
4.404e+07 8640000
4.40395e+07 8650000
4.60423e+07 8660000
4.50409e+07 8670000
4.70428e+07 8680000
4.50415e+07 8690000
4.10376e+07 8700000
4.30391e+07 8710000
4.40398e+07 8720000
4.20384e+07 8730000
4.60425e+07 8740000
4.6043e+07 8750000
4.30394e+07 8760000
4.60409e+07 8770000
4.50404e+07 8780000
4.50407e+07 8790000
4.3544e+07 8800000
4.504e+07 8810000
4.60419e+07 8820000
4.40401e+07 8830000
4.60419e+07 8840000
4.65471e+07 8850000
4.20384e+07 8860000
4.40395e+07 8870000
4.20388e+07 8880000
4.40407e+07 8890000
4.50411e+07 8900000
4.60424e+07 8910000
4.60424e+07 8920000
4.60421e+07 8930000
4.70423e+07 8940000
4.60419e+07 8950000
4.50413e+07 8960000
4.60424e+07 8970000
4.60425e+07 8980000
4.70426e+07 8990000
4.70418e+07 9000000
4.40395e+07 9010000
4.80437e+07 9020000
4.5042e+07 9030000
4.60414e+07 9040000
4.70437e+07 9050000
4.50411e+07 9060000
4.80444e+07 9070000
4.70436e+07 9080000
4.30389e+07 9090000
4.7044e+07 9100000
4.30388e+07 9110000
4.8044e+07 9120000
4.70423e+07 9130000
4.60411e+07 9140000
4.70428e+07 9150000
4.70431e+07 9160000
4.70423e+07 9170000
4.70426e+07 9180000
4.80431e+07 9190000
4.60426e+07 9200000
4.80437e+07 9210000
4.70438e+07 9220000
4.50408e+07 9230000
4.70427e+07 9240000
4.7043e+07 9250000
4.80441e+07 9260000
4.8044e+07 9270000
4.80438e+07 9280000
4.70423e+07 9290000
4.90453e+07 9300000
4.50405e+07 9310000
4.80437e+07 9320000
5.00453e+07 9330000
5.00474e+07 9340000
4.70428e+07 9350000
4.90449e+07 9360000
4.90449e+07 9370000
4.90439e+07 9380000
4.60431e+07 9390000
5.0045e+07 9400000
4.90451e+07 9410000
4.60418e+07 9420000
4.70427e+07 9430000
4.80434e+07 9440000
4.9044e+07 9450000
5.00457e+07 9460000
4.90443e+07 9470000
4.90454e+07 9480000
4.90444e+07 9490000
5.10463e+07 9500000
4.80449e+07 9510000
4.80436e+07 9520000
4.70427e+07 9530000
5.10458e+07 9540000
5.10471e+07 9550000
4.60634e+07 9560000
5.00453e+07 9570000
4.90443e+07 9580000
4.90439e+07 9590000
5.00455e+07 9600000
5.00455e+07 9610000
5.00448e+07 9620000
5.00465e+07 9630000
5.20475e+07 9640000
5.1046e+07 9650000
5.00457e+07 9660000
5.00458e+07 9670000
5.20475e+07 9680000
4.80423e+07 9690000
4.8044e+07 9700000
4.90442e+07 9710000
5.10462e+07 9720000
4.9044e+07 9730000
5.20482e+07 9740000
5.00457e+07 9750000
4.70432e+07 9760000
4.80436e+07 9770000
5.10463e+07 9780000
5.10462e+07 9790000
5.20475e+07 9800000
5.20463e+07 9810000
5.00453e+07 9820000
5.20481e+07 9830000
5.00455e+07 9840000
5.10459e+07 9850000
5.10457e+07 9860000
4.90441e+07 9870000
5.10467e+07 9880000
5.10455e+07 9890000
5.20477e+07 9900000
5.20458e+07 9910000
5.20474e+07 9920000
5.40493e+07 9930000
4.80445e+07 9940000
4.90448e+07 9950000
5.20479e+07 9960000
4.90444e+07 9970000
4.90454e+07 9980000
5.20471e+07 9990000
5.00454e+07 10000000
