0 10000
0 20000
1.0008e+06 30000
1.0007e+06 40000
1.0003e+06 50000
1.0005e+06 60000
1.0007e+06 70000
1.0009e+06 80000
2.0017e+06 90000
2.0024e+06 100000
2.002e+06 110000
3.0027e+06 120000
2.0023e+06 130000
3.0027e+06 140000
4.0035e+06 150000
3.0028e+06 160000
5.0042e+06 170000
5.0046e+06 180000
5.0042e+06 190000
5.0047e+06 200000
6.0051e+06 210000
6.0054e+06 220000
6.0057e+06 230000
7.006e+06 240000
7.0064e+06 250000
7.0066e+06 260000
8.007e+06 270000
8.0068e+06 280000
8.0072e+06 290000
8.0071e+06 300000
8.0078e+06 310000
9.0079e+06 320000
1.00091e+07 330000
9.0084e+06 340000
1.00092e+07 350000
1.00086e+07 360000
1.10098e+07 370000
1.10096e+07 380000
1.10098e+07 390000
1.10103e+07 400000
1.20103e+07 410000
1.20104e+07 420000
1.40122e+07 430000
1.20115e+07 440000
1.30114e+07 450000
1.30117e+07 460000
1.40129e+07 470000
1.40125e+07 480000
1.40128e+07 490000
1.50134e+07 500000
1.50143e+07 510000
1.50138e+07 520000
1.50137e+07 530000
1.50139e+07 540000
1.50021e+07 550000
1.50131e+07 560000
1.60147e+07 570000
1.60152e+07 580000
1.7015e+07 590000
1.70161e+07 600000
1.80167e+07 610000
1.7015e+07 620000
1.80158e+07 630000
1.90175e+07 640000
1.8016e+07 650000
1.90176e+07 660000
1.90171e+07 670000
1.90174e+07 680000
2.00182e+07 690000
2.00176e+07 700000
2.10197e+07 710000
2.10194e+07 720000
2.10192e+07 730000
2.10193e+07 740000
2.20197e+07 750000
2.20201e+07 760000
2.20199e+07 770000
2.20202e+07 780000
2.30216e+07 790000
2.30212e+07 800000
2.30215e+07 810000
2.40216e+07 820000
2.40216e+07 830000
2.40214e+07 840000
2.40216e+07 850000
2.50235e+07 860000
2.60237e+07 870000
2.60233e+07 880000
2.5023e+07 890000
2.60238e+07 900000
2.60233e+07 910000
2.60237e+07 920000
2.60239e+07 930000
2.80255e+07 940000
2.70251e+07 950000
2.80252e+07 960000
2.70243e+07 970000
2.80258e+07 980000
2.9027e+07 990000
2.80257e+07 1000000
2.90258e+07 1010000
3.00277e+07 1020000
2.90255e+07 1030000
3.00276e+07 1040000
3.10289e+07 1050000
3.00273e+07 1060000
3.10279e+07 1070000
3.1028e+07 1080000
3.10285e+07 1090000
3.20294e+07 1100000
3.20292e+07 1110000
3.213e+07 1120000
3.20292e+07 1130000
3.30296e+07 1140000
3.30307e+07 1150000
3.40306e+07 1160000
3.40317e+07 1170000
3.40309e+07 1180000
3.40313e+07 1190000
3.40305e+07 1200000
3.5032e+07 1210000
3.50317e+07 1220000
3.50319e+07 1230000
3.50313e+07 1240000
3.60324e+07 1250000
3.60328e+07 1260000
3.90356e+07 1270000
3.70332e+07 1280000
3.7034e+07 1290000
3.80351e+07 1300000
3.70332e+07 1310000
3.80345e+07 1320000
3.90352e+07 1330000
3.90357e+07 1340000
3.8034e+07 1350000
3.90357e+07 1360000
4.00369e+07 1370000
4.00366e+07 1380000
4.10367e+07 1390000
4.00367e+07 1400000
4.10383e+07 1410000
4.10374e+07 1420000
4.10374e+07 1430000
4.20381e+07 1440000
4.20386e+07 1450000
4.20384e+07 1460000
4.20381e+07 1470000
4.30391e+07 1480000
4.50412e+07 1490000
4.30382e+07 1500000
4.30385e+07 1510000
4.60414e+07 1520000
4.40398e+07 1530000
4.404e+07 1540000
4.40396e+07 1550000
4.50416e+07 1560000
4.60422e+07 1570000
4.60424e+07 1580000
4.60417e+07 1590000
4.60417e+07 1600000
4.70428e+07 1610000
4.7044e+07 1620000
4.70423e+07 1630000
4.77864e+07 1640000
4.80444e+07 1650000
4.80437e+07 1660000
4.8044e+07 1670000
4.80434e+07 1680000
4.9045e+07 1690000
4.90443e+07 1700000
4.90451e+07 1710000
4.90452e+07 1720000
5.10465e+07 1730000
5.00457e+07 1740000
5.00462e+07 1750000
5.10473e+07 1760000
5.10467e+07 1770000
5.10466e+07 1780000
5.10458e+07 1790000
5.20477e+07 1800000
5.20472e+07 1810000
5.20472e+07 1820000
5.20472e+07 1830000
5.3049e+07 1840000
5.30515e+07 1850000
5.30491e+07 1860000
5.4049e+07 1870000
5.7053e+07 1880000
5.40493e+07 1890000
5.40493e+07 1900000
5.60506e+07 1910000
5.50503e+07 1920000
5.55546e+07 1930000
5.50502e+07 1940000
5.6051e+07 1950000
5.60513e+07 1960000
5.70524e+07 1970000
5.7052e+07 1980000
5.70521e+07 1990000
5.75578e+07 2000000
5.9054e+07 2010000
5.90533e+07 2020000
5.80525e+07 2030000
5.90533e+07 2040000
5.90534e+07 2050000
5.90534e+07 2060000
6.10554e+07 2070000
6.00547e+07 2080000
6.00547e+07 2090000
6.10553e+07 2100000
6.10552e+07 2110000
6.1055e+07 2120000
6.10556e+07 2130000
6.20565e+07 2140000
6.20568e+07 2150000
8.80795e+07 2160000
6.30567e+07 2170000
6.40583e+07 2180000
6.40585e+07 2190000
6.30574e+07 2200000
6.40579e+07 2210000
6.50589e+07 2220000
6.40587e+07 2230000
6.40575e+07 2240000
6.60607e+07 2250000
6.60602e+07 2260000
6.50593e+07 2270000
6.60607e+07 2280000
7.10642e+07 2290000
6.60605e+07 2300000
6.70614e+07 2310000
6.60599e+07 2320000
6.70616e+07 2330000
6.8073e+07 2340000
6.80618e+07 2350000
6.80628e+07 2360000
7.00639e+07 2370000
6.80617e+07 2380000
6.90634e+07 2390000
6.90626e+07 2400000
7.00634e+07 2410000
7.00742e+07 2420000
7.00632e+07 2430000
7.00643e+07 2440000
7.00641e+07 2450000
7.10649e+07 2460000
7.10649e+07 2470000
7.20661e+07 2480000
7.20653e+07 2490000
7.30658e+07 2500000
7.30672e+07 2510000
7.30671e+07 2520000
7.30672e+07 2530000
7.30662e+07 2540000
7.35708e+07 2550000
7.40677e+07 2560000
7.4067e+07 2570000
7.40673e+07 2580000
7.5069e+07 2590000
7.60693e+07 2600000
7.50681e+07 2610000
7.70709e+07 2620000
7.50709e+07 2630000
7.70704e+07 2640000
7.90721e+07 2650000
7.70698e+07 2660000
7.70701e+07 2670000
7.60692e+07 2680000
7.90724e+07 2690000
7.80709e+07 2700000
7.90728e+07 2710000
7.90719e+07 2720000
7.90733e+07 2730000
7.90716e+07 2740000
8.0087e+07 2750000
7.90726e+07 2760000
8.20746e+07 2770000
8.00723e+07 2780000
8.0073e+07 2790000
8.10747e+07 2800000
8.10741e+07 2810000
8.10735e+07 2820000
8.40768e+07 2830000
8.20741e+07 2840000
8.20746e+07 2850000
8.20743e+07 2860000
8.30762e+07 2870000
8.40763e+07 2880000
8.30763e+07 2890000
8.50771e+07 2900000
8.4076e+07 2910000
8.60785e+07 2920000
8.50773e+07 2930000
8.50777e+07 2940000
8.55807e+07 2950000
8.70794e+07 2960000
9.80885e+07 2970000
8.60789e+07 2980000
8.70786e+07 2990000
8.60784e+07 3000000
8.70787e+07 3010000
8.70792e+07 3020000
8.80805e+07 3030000
8.80802e+07 3040000
8.90811e+07 3050000
8.90807e+07 3060000
9.20841e+07 3070000
9.10825e+07 3080000
9.20831e+07 3090000
9.10816e+07 3100000
9.00818e+07 3110000
9.10836e+07 3120000
9.05853e+07 3130000
9.20842e+07 3140000
9.40857e+07 3150000
9.57317e+07 3160000
9.36255e+07 3170000
9.40849e+07 3180000
9.30889e+07 3190000
9.90902e+07 3200000
9.70912e+07 3210000
9.30837e+07 3220000
9.40853e+07 3230000
9.60873e+07 3240000
9.50861e+07 3250000
9.90899e+07 3260000
9.50867e+07 3270000
9.90901e+07 3280000
9.60877e+07 3290000
9.6087e+07 3300000
9.60874e+07 3310000
9.6087e+07 3320000
9.60877e+07 3330000
9.70882e+07 3340000
9.90902e+07 3350000
9.70886e+07 3360000
9.80901e+07 3370000
9.70886e+07 3380000
9.8089e+07 3390000
9.90913e+07 3400000
9.909e+07 3410000
1.01093e+08 3420000
1.0009e+08 3430000
1.00092e+08 3440000
1.00091e+08 3450000
1.00091e+08 3460000
1.06098e+08 3470000
1.04095e+08 3480000
1.01094e+08 3490000
1.03094e+08 3500000
1.02093e+08 3510000
1.06097e+08 3520000
1.03094e+08 3530000
1.02093e+08 3540000
1.06096e+08 3550000
1.06097e+08 3560000
1.06096e+08 3570000
1.06097e+08 3580000
1.06096e+08 3590000
1.06096e+08 3600000
1.091e+08 3610000
1.11101e+08 3620000
1.08099e+08 3630000
1.06097e+08 3640000
1.10604e+08 3650000
1.09099e+08 3660000
1.07098e+08 3670000
1.07097e+08 3680000
1.081e+08 3690000
1.06097e+08 3700000
1.09412e+08 3710000
1.08098e+08 3720000
1.08098e+08 3730000
1.09099e+08 3740000
1.09099e+08 3750000
1.091e+08 3760000
1.08098e+08 3770000
1.09099e+08 3780000
1.091e+08 3790000
1.091e+08 3800000
1.09099e+08 3810000
1.11102e+08 3820000
1.11101e+08 3830000
1.11104e+08 3840000
1.11101e+08 3850000
1.11105e+08 3860000
1.10101e+08 3870000
1.12102e+08 3880000
1.13103e+08 3890000
1.12102e+08 3900000
1.13103e+08 3910000
1.14104e+08 3920000
1.14104e+08 3930000
1.13104e+08 3940000
1.37129e+08 3950000
1.14104e+08 3960000
1.17106e+08 3970000
1.14103e+08 3980000
1.17108e+08 3990000
1.16105e+08 4000000
1.14105e+08 4010000
1.17107e+08 4020000
1.16106e+08 4030000
1.16106e+08 4040000
1.17107e+08 4050000
1.16106e+08 4060000
1.18108e+08 4070000
1.17107e+08 4080000
1.18107e+08 4090000
1.18108e+08 4100000
1.19108e+08 4110000
1.18108e+08 4120000
1.19109e+08 4130000
1.19109e+08 4140000
1.2011e+08 4150000
1.2011e+08 4160000
1.2111e+08 4170000
1.2111e+08 4180000
1.22112e+08 4190000
1.2111e+08 4200000
1.23112e+08 4210000
1.23113e+08 4220000
1.22111e+08 4230000
1.23112e+08 4240000
1.22111e+08 4250000
1.23112e+08 4260000
1.23112e+08 4270000
1.24113e+08 4280000
1.25114e+08 4290000
1.23113e+08 4300000
1.25114e+08 4310000
1.24113e+08 4320000
1.25114e+08 4330000
1.2471e+08 4340000
1.25114e+08 4350000
1.27116e+08 4360000
1.26114e+08 4370000
1.26116e+08 4380000
1.28117e+08 4390000
1.26115e+08 4400000
1.26114e+08 4410000
1.28116e+08 4420000
1.28259e+08 4430000
1.29117e+08 4440000
1.29118e+08 4450000
1.29118e+08 4460000
1.28117e+08 4470000
1.30119e+08 4480000
1.29118e+08 4490000
1.29117e+08 4500000
1.30118e+08 4510000
1.31119e+08 4520000
1.3012e+08 4530000
1.30118e+08 4540000
1.31119e+08 4550000
1.3112e+08 4560000
1.33121e+08 4570000
1.3212e+08 4580000
1.3212e+08 4590000
1.31118e+08 4600000
1.33127e+08 4610000
1.34122e+08 4620000
1.3212e+08 4630000
1.34122e+08 4640000
1.33122e+08 4650000
1.35123e+08 4660000
1.37125e+08 4670000
1.36124e+08 4680000
1.35123e+08 4690000
1.35123e+08 4700000
1.35123e+08 4710000
1.35123e+08 4720000
1.36134e+08 4730000
1.37126e+08 4740000
1.37126e+08 4750000
1.37125e+08 4760000
1.37125e+08 4770000
1.41128e+08 4780000
1.37124e+08 4790000
1.37125e+08 4800000
1.38126e+08 4810000
1.38631e+08 4820000
1.39126e+08 4830000
1.39128e+08 4840000
1.40128e+08 4850000
1.40127e+08 4860000
1.40128e+08 4870000
1.42129e+08 4880000
1.41129e+08 4890000
1.41128e+08 4900000
1.42129e+08 4910000
1.43147e+08 4920000
1.4213e+08 4930000
1.4213e+08 4940000
1.42129e+08 4950000
1.43147e+08 4960000
1.44134e+08 4970000
1.43669e+08 4980000
1.43131e+08 4990000
1.4213e+08 5000000
1.45134e+08 5010000
1.44132e+08 5020000
1.46134e+08 5030000
1.45132e+08 5040000
1.45133e+08 5050000
1.48135e+08 5060000
1.48135e+08 5070000
1.51137e+08 5080000
1.46134e+08 5090000
1.47133e+08 5100000
1.48135e+08 5110000
1.48135e+08 5120000
1.48134e+08 5130000
1.48135e+08 5140000
1.47134e+08 5150000
1.49136e+08 5160000
1.49136e+08 5170000
1.57143e+08 5180000
1.58144e+08 5190000
1.51137e+08 5200000
1.50136e+08 5210000
1.50137e+08 5220000
1.50137e+08 5230000
1.50136e+08 5240000
1.51137e+08 5250000
1.60147e+08 5260000
1.52138e+08 5270000
1.53139e+08 5280000
1.55141e+08 5290000
1.52613e+08 5300000
1.52643e+08 5310000
1.53139e+08 5320000
1.56142e+08 5330000
1.53139e+08 5340000
1.5414e+08 5350000
1.56143e+08 5360000
1.56142e+08 5370000
1.55143e+08 5380000
1.59145e+08 5390000
1.56141e+08 5400000
1.56142e+08 5410000
1.60649e+08 5420000
1.56144e+08 5430000
1.56143e+08 5440000
1.60146e+08 5450000
1.57143e+08 5460000
1.57143e+08 5470000
1.60146e+08 5480000
1.57144e+08 5490000
1.58144e+08 5500000
1.6415e+08 5510000
1.59145e+08 5520000
1.60146e+08 5530000
1.59145e+08 5540000
1.58144e+08 5550000
1.60146e+08 5560000
1.59145e+08 5570000
1.61148e+08 5580000
1.61146e+08 5590000
1.62147e+08 5600000
1.62147e+08 5610000
1.62148e+08 5620000
1.62147e+08 5630000
1.63149e+08 5640000
1.63148e+08 5650000
1.63149e+08 5660000
1.6515e+08 5670000
1.6315e+08 5680000
1.65153e+08 5690000
1.6415e+08 5700000
1.64655e+08 5710000
1.65151e+08 5720000
1.6515e+08 5730000
1.67153e+08 5740000
1.66657e+08 5750000
1.68154e+08 5760000
1.66151e+08 5770000
1.66654e+08 5780000
1.65151e+08 5790000
1.67152e+08 5800000
1.66152e+08 5810000
1.68154e+08 5820000
1.69154e+08 5830000
1.67153e+08 5840000
1.69154e+08 5850000
1.68153e+08 5860000
1.68153e+08 5870000
1.70158e+08 5880000
1.69154e+08 5890000
1.70155e+08 5900000
1.70155e+08 5910000
1.70155e+08 5920000
1.71157e+08 5930000
1.71156e+08 5940000
1.74159e+08 5950000
1.73158e+08 5960000
1.72157e+08 5970000
1.71156e+08 5980000
1.72157e+08 5990000
1.73157e+08 6000000
1.72157e+08 6010000
1.72156e+08 6020000
1.75163e+08 6030000
1.78162e+08 6040000
1.74158e+08 6050000
1.7516e+08 6060000
1.76161e+08 6070000
1.75665e+08 6080000
1.75162e+08 6090000
1.75159e+08 6100000
1.7616e+08 6110000
1.7616e+08 6120000
1.77161e+08 6130000
1.7516e+08 6140000
1.76161e+08 6150000
1.78162e+08 6160000
1.79164e+08 6170000
1.80164e+08 6180000
1.79668e+08 6190000
1.78162e+08 6200000
1.79163e+08 6210000
1.78667e+08 6220000
1.80165e+08 6230000
1.82166e+08 6240000
1.80165e+08 6250000
1.80164e+08 6260000
1.81165e+08 6270000
1.81167e+08 6280000
1.81165e+08 6290000
1.80165e+08 6300000
1.81165e+08 6310000
1.83169e+08 6320000
1.84671e+08 6330000
1.84188e+08 6340000
1.83167e+08 6350000
1.8517e+08 6360000
1.83186e+08 6370000
1.8717e+08 6380000
1.83167e+08 6390000
1.83167e+08 6400000
1.84168e+08 6410000
1.83166e+08 6420000
1.8617e+08 6430000
1.88171e+08 6440000
1.8617e+08 6450000
1.8717e+08 6460000
1.8617e+08 6470000
1.90174e+08 6480000
1.88171e+08 6490000
1.87173e+08 6500000
1.91678e+08 6510000
1.88171e+08 6520000
1.90174e+08 6530000
1.8817e+08 6540000
1.90175e+08 6550000
1.89172e+08 6560000
1.90174e+08 6570000
1.89679e+08 6580000
1.91688e+08 6590000
1.9068e+08 6600000
1.91174e+08 6610000
1.91173e+08 6620000
1.91174e+08 6630000
1.91174e+08 6640000
1.91174e+08 6650000
1.91174e+08 6660000
1.91174e+08 6670000
1.92174e+08 6680000
1.93178e+08 6690000
1.94355e+08 6700000
1.9268e+08 6710000
1.93176e+08 6720000
1.93176e+08 6730000
1.94178e+08 6740000
1.95178e+08 6750000
1.96178e+08 6760000
1.95177e+08 6770000
1.95177e+08 6780000
1.95178e+08 6790000
2.02184e+08 6800000
1.96179e+08 6810000
1.9718e+08 6820000
1.99181e+08 6830000
1.96179e+08 6840000
1.97179e+08 6850000
2.01183e+08 6860000
1.98183e+08 6870000
1.97182e+08 6880000
1.9818e+08 6890000
2.24204e+08 6900000
1.99182e+08 6910000
2.00075e+08 6920000
1.9918e+08 6930000
2.01185e+08 6940000
2.02184e+08 6950000
2.00183e+08 6960000
2.00182e+08 6970000
2.03184e+08 6980000
2.04186e+08 6990000
2.00182e+08 7000000
2.02184e+08 7010000
2.03185e+08 7020000
2.02184e+08 7030000
2.03198e+08 7040000
2.03185e+08 7050000
2.06188e+08 7060000
2.02183e+08 7070000
2.04186e+08 7080000
2.05186e+08 7090000
2.04186e+08 7100000
2.13194e+08 7110000
2.05187e+08 7120000
2.06189e+08 7130000
2.10194e+08 7140000
2.0919e+08 7150000
2.06188e+08 7160000
2.0919e+08 7170000
2.06201e+08 7180000
2.07189e+08 7190000
2.07188e+08 7200000
2.15195e+08 7210000
2.08161e+08 7220000
2.09191e+08 7230000
2.0819e+08 7240000
2.11193e+08 7250000
2.11699e+08 7260000
2.46225e+08 7270000
2.09206e+08 7280000
2.09191e+08 7290000
2.10192e+08 7300000
2.10192e+08 7310000
2.11192e+08 7320000
2.10694e+08 7330000
2.13195e+08 7340000
2.12194e+08 7350000
2.10695e+08 7360000
2.14196e+08 7370000
2.15197e+08 7380000
2.12698e+08 7390000
2.15196e+08 7400000
2.13196e+08 7410000
2.13213e+08 7420000
2.15196e+08 7430000
2.15196e+08 7440000
2.157e+08 7450000
2.16198e+08 7460000
2.15048e+08 7470000
2.14698e+08 7480000
2.15196e+08 7490000
2.16197e+08 7500000
2.15197e+08 7510000
2.17198e+08 7520000
2.20201e+08 7530000
2.192e+08 7540000
2.17198e+08 7550000
2.18199e+08 7560000
2.18199e+08 7570000
2.18199e+08 7580000
2.18704e+08 7590000
2.192e+08 7600000
2.20201e+08 7610000
2.192e+08 7620000
2.20201e+08 7630000
2.22204e+08 7640000
2.21201e+08 7650000
2.20201e+08 7660000
2.21202e+08 7670000
2.22202e+08 7680000
2.21212e+08 7690000
2.22203e+08 7700000
2.23204e+08 7710000
2.24204e+08 7720000
2.25205e+08 7730000
2.26206e+08 7740000
2.22203e+08 7750000
2.24204e+08 7760000
2.23203e+08 7770000
2.23202e+08 7780000
2.42221e+08 7790000
2.30808e+08 7800000
2.27072e+08 7810000
2.29209e+08 7820000
2.32211e+08 7830000
2.30209e+08 7840000
2.29566e+08 7850000
2.28208e+08 7860000
2.30212e+08 7870000
2.27207e+08 7880000
2.27206e+08 7890000
2.30211e+08 7900000
2.3021e+08 7910000
2.3021e+08 7920000
2.31211e+08 7930000
2.34213e+08 7940000
2.33213e+08 7950000
2.32212e+08 7960000
2.32212e+08 7970000
2.32212e+08 7980000
2.33226e+08 7990000
2.33212e+08 8000000
2.35226e+08 8010000
2.33213e+08 8020000
2.34214e+08 8030000
2.36214e+08 8040000
2.36723e+08 8050000
2.35214e+08 8060000
2.34213e+08 8070000
2.33212e+08 8080000
2.33213e+08 8090000
2.32212e+08 8100000
2.37216e+08 8110000
2.34225e+08 8120000
2.34214e+08 8130000
2.3572e+08 8140000
2.34214e+08 8150000
2.36215e+08 8160000
2.35229e+08 8170000
2.36215e+08 8180000
2.36217e+08 8190000
2.36215e+08 8200000
2.3772e+08 8210000
2.37216e+08 8220000
2.36216e+08 8230000
2.45223e+08 8240000
2.38231e+08 8250000
2.38219e+08 8260000
2.38217e+08 8270000
2.40219e+08 8280000
2.39218e+08 8290000
2.39219e+08 8300000
2.38219e+08 8310000
2.39722e+08 8320000
2.43222e+08 8330000
2.42072e+08 8340000
2.4122e+08 8350000
2.40218e+08 8360000
2.40725e+08 8370000
2.43222e+08 8380000
2.4122e+08 8390000
2.4222e+08 8400000
2.43221e+08 8410000
2.45223e+08 8420000
2.44222e+08 8430000
2.44225e+08 8440000
2.44222e+08 8450000
2.45224e+08 8460000
2.45223e+08 8470000
2.46224e+08 8480000
2.49227e+08 8490000
2.47226e+08 8500000
2.47225e+08 8510000
2.48226e+08 8520000
2.45224e+08 8530000
2.46225e+08 8540000
2.48238e+08 8550000
2.47225e+08 8560000
2.48226e+08 8570000
2.47224e+08 8580000
2.47226e+08 8590000
2.48228e+08 8600000
2.51229e+08 8610000
2.54231e+08 8620000
2.50228e+08 8630000
2.50228e+08 8640000
2.49227e+08 8650000
2.50228e+08 8660000
2.50228e+08 8670000
2.51229e+08 8680000
2.50228e+08 8690000
2.5223e+08 8700000
2.5123e+08 8710000
2.56233e+08 8720000
2.51229e+08 8730000
2.57235e+08 8740000
2.52229e+08 8750000
2.53232e+08 8760000
2.54231e+08 8770000
2.5124e+08 8780000
2.53231e+08 8790000
2.56233e+08 8800000
2.65242e+08 8810000
2.55233e+08 8820000
2.56233e+08 8830000
2.55232e+08 8840000
2.55233e+08 8850000
2.56233e+08 8860000
2.57235e+08 8870000
2.85259e+08 8880000
2.60236e+08 8890000
2.56233e+08 8900000
2.57234e+08 8910000
2.58235e+08 8920000
2.5874e+08 8930000
2.59236e+08 8940000
2.60241e+08 8950000
2.60239e+08 8960000
2.60237e+08 8970000
2.58235e+08 8980000
2.58235e+08 8990000
2.61239e+08 9000000
2.60237e+08 9010000
2.59742e+08 9020000
2.60237e+08 9030000
2.59236e+08 9040000
2.62239e+08 9050000
2.59235e+08 9060000
2.59238e+08 9070000
2.6424e+08 9080000
2.62239e+08 9090000
2.66242e+08 9100000
2.6324e+08 9110000
2.64241e+08 9120000
2.65241e+08 9130000
2.64243e+08 9140000
2.63745e+08 9150000
2.63242e+08 9160000
2.66242e+08 9170000
2.6424e+08 9180000
2.66243e+08 9190000
2.65242e+08 9200000
2.66243e+08 9210000
2.65242e+08 9220000
2.69245e+08 9230000
2.67243e+08 9240000
2.66243e+08 9250000
2.65244e+08 9260000
2.67245e+08 9270000
2.66255e+08 9280000
2.67255e+08 9290000
2.67246e+08 9300000
2.68244e+08 9310000
2.69245e+08 9320000
2.7325e+08 9330000
2.72247e+08 9340000
2.71246e+08 9350000
2.72248e+08 9360000
2.70246e+08 9370000
2.71247e+08 9380000
2.7425e+08 9390000
2.72249e+08 9400000
2.71246e+08 9410000
2.72251e+08 9420000
2.71246e+08 9430000
2.76252e+08 9440000
2.71247e+08 9450000
2.73248e+08 9460000
2.73249e+08 9470000
2.73248e+08 9480000
2.77253e+08 9490000
2.7425e+08 9500000
2.77253e+08 9510000
2.7525e+08 9520000
2.78253e+08 9530000
2.79253e+08 9540000
2.7525e+08 9550000
2.77252e+08 9560000
2.78254e+08 9570000
2.90264e+08 9580000
2.76758e+08 9590000
2.75265e+08 9600000
2.77253e+08 9610000
2.78254e+08 9620000
2.83258e+08 9630000
2.79254e+08 9640000
2.78253e+08 9650000
2.76251e+08 9660000
2.79254e+08 9670000
2.77252e+08 9680000
2.79255e+08 9690000
2.80255e+08 9700000
2.78253e+08 9710000
2.79254e+08 9720000
2.79255e+08 9730000
2.81257e+08 9740000
2.81256e+08 9750000
2.83258e+08 9760000
2.81256e+08 9770000
2.81256e+08 9780000
2.8526e+08 9790000
2.86791e+08 9800000
2.8526e+08 9810000
2.84259e+08 9820000
2.85273e+08 9830000
2.88264e+08 9840000
2.83258e+08 9850000
2.8626e+08 9860000
2.86262e+08 9870000
2.84258e+08 9880000
2.85262e+08 9890000
2.87274e+08 9900000
3.14286e+08 9910000
2.86261e+08 9920000
2.86261e+08 9930000
2.8526e+08 9940000
2.89264e+08 9950000
2.90265e+08 9960000
2.88767e+08 9970000
2.90264e+08 9980000
2.92266e+08 9990000
2.92266e+08 10000000
