1.0015e+06 10000
1.0007e+06 20000
0 30000
1.0008e+06 40000
0 50000
0 60000
0 70000
1.0008e+06 80000
1.0008e+06 90000
1.0012e+06 100000
1.0009e+06 110000
1.0013e+06 120000
1.0011e+06 130000
1.0005e+06 140000
1.0002e+06 150000
1.0017e+06 160000
2.0022e+06 170000
1.0013e+06 180000
2.0013e+06 190000
2.0028e+06 200000
2.0018e+06 210000
2.0013e+06 220000
2.002e+06 230000
3.003e+06 240000
2.0015e+06 250000
2.0023e+06 260000
2.0024e+06 270000
3.0023e+06 280000
2.0012e+06 290000
3.0031e+06 300000
4.0042e+06 310000
3.0032e+06 320000
4.0035e+06 330000
3.0023e+06 340000
4.0042e+06 350000
4.004e+06 360000
4.0038e+06 370000
4.003e+06 380000
5.004e+06 390000
5.005e+06 400000
5.0046e+06 410000
4.0028e+06 420000
5.0132e+06 430000
5.0051e+06 440000
6.006e+06 450000
7.0063e+06 460000
6.0048e+06 470000
6.0063e+06 480000
6.0052e+06 490000
6.0048e+06 500000
7.0068e+06 510000
7.0055e+06 520000
7.0072e+06 530000
7.0066e+06 540000
7.0071e+06 550000
8.0075e+06 560000
7.0064e+06 570000
7.0069e+06 580000
8.0077e+06 590000
8.0077e+06 600000
8.008e+06 610000
9.008e+06 620000
9.0109e+06 630000
8.0075e+06 640000
9.0091e+06 650000
8.0065e+06 660000
9.0082e+06 670000
1.00096e+07 680000
1.00095e+07 690000
1.10095e+07 700000
1.00088e+07 710000
1.10095e+07 720000
1.00093e+07 730000
1.10095e+07 740000
1.00092e+07 750000
1.00095e+07 760000
1.10095e+07 770000
1.10094e+07 780000
1.00091e+07 790000
1.10099e+07 800000
1.10104e+07 810000
1.10105e+07 820000
1.20116e+07 830000
1.20115e+07 840000
1.20104e+07 850000
1.30122e+07 860000
1.20119e+07 870000
1.20112e+07 880000
1.30115e+07 890000
1.4012e+07 900000
1.30118e+07 910000
1.20118e+07 920000
1.40126e+07 930000
1.30118e+07 940000
1.30125e+07 950000
1.50131e+07 960000
1.50138e+07 970000
1.50153e+07 980000
1.50131e+07 990000
1.5014e+07 1000000
1.40133e+07 1010000
1.50135e+07 1020000
1.50134e+07 1030000
1.6015e+07 1040000
1.60145e+07 1050000
1.50137e+07 1060000
1.50145e+07 1070000
1.80162e+07 1080000
1.70164e+07 1090000
1.60145e+07 1100000
1.60146e+07 1110000
1.70163e+07 1120000
1.70143e+07 1130000
1.70156e+07 1140000
1.90181e+07 1150000
1.70157e+07 1160000
1.80168e+07 1170000
1.70165e+07 1180000
1.70153e+07 1190000
1.80166e+07 1200000
1.80164e+07 1210000
1.80173e+07 1220000
1.80184e+07 1230000
1.9017e+07 1240000
1.90178e+07 1250000
1.90172e+07 1260000
1.80175e+07 1270000
1.80168e+07 1280000
2.00176e+07 1290000
1.90178e+07 1300000
1.90177e+07 1310000
2.00179e+07 1320000
2.00182e+07 1330000
2.10192e+07 1340000
1.90171e+07 1350000
2.00176e+07 1360000
2.20197e+07 1370000
2.20197e+07 1380000
2.20205e+07 1390000
2.00183e+07 1400000
2.20202e+07 1410000
2.10193e+07 1420000
2.20206e+07 1430000
2.20212e+07 1440000
2.20202e+07 1450000
2.20204e+07 1460000
2.30213e+07 1470000
2.20193e+07 1480000
2.20194e+07 1490000
2.30214e+07 1500000
2.30213e+07 1510000
2.3021e+07 1520000
2.30205e+07 1530000
2.40213e+07 1540000
2.40219e+07 1550000
2.40219e+07 1560000
2.4022e+07 1570000
2.40217e+07 1580000
2.30208e+07 1590000
2.50234e+07 1600000
2.60236e+07 1610000
2.60232e+07 1620000
2.40216e+07 1630000
2.50234e+07 1640000
2.50226e+07 1650000
2.40224e+07 1660000
2.60236e+07 1670000
2.60259e+07 1680000
2.60236e+07 1690000
2.50231e+07 1700000
2.60235e+07 1710000
2.60244e+07 1720000
2.70244e+07 1730000
2.60239e+07 1740000
2.70239e+07 1750000
2.70242e+07 1760000
2.70256e+07 1770000
2.70252e+07 1780000
2.70254e+07 1790000
2.80254e+07 1800000
2.70243e+07 1810000
2.70254e+07 1820000
2.80258e+07 1830000
2.85322e+07 1840000
2.90271e+07 1850000
2.90268e+07 1860000
2.80256e+07 1870000
2.90271e+07 1880000
2.80253e+07 1890000
2.90263e+07 1900000
3.00276e+07 1910000
2.90265e+07 1920000
3.00269e+07 1930000
3.00277e+07 1940000
3.00274e+07 1950000
2.90264e+07 1960000
3.00279e+07 1970000
3.10281e+07 1980000
3.20294e+07 1990000
3.00274e+07 2000000
3.10283e+07 2010000
3.20294e+07 2020000
3.20299e+07 2030000
3.10283e+07 2040000
3.20284e+07 2050000
3.10285e+07 2060000
3.20299e+07 2070000
3.20284e+07 2080000
3.1028e+07 2090000
3.30304e+07 2100000
3.30295e+07 2110000
3.20294e+07 2120000
3.20295e+07 2130000
3.4031e+07 2140000
3.40315e+07 2150000
3.30305e+07 2160000
3.40305e+07 2170000
3.40305e+07 2180000
3.40312e+07 2190000
3.40309e+07 2200000
3.50315e+07 2210000
3.40306e+07 2220000
3.40313e+07 2230000
3.60329e+07 2240000
3.50453e+07 2250000
3.50315e+07 2260000
3.70335e+07 2270000
3.60333e+07 2280000
3.50308e+07 2290000
3.80346e+07 2300000
3.53165e+07 2310000
3.90354e+07 2320000
3.80346e+07 2330000
3.80349e+07 2340000
3.8035e+07 2350000
3.80349e+07 2360000
4.00363e+07 2370000
3.70339e+07 2380000
3.80351e+07 2390000
3.80341e+07 2400000
4.00367e+07 2410000
3.90358e+07 2420000
3.70338e+07 2430000
4.20376e+07 2440000
4.00361e+07 2450000
4.00368e+07 2460000
4.00368e+07 2470000
3.90364e+07 2480000
3.90352e+07 2490000
3.80351e+07 2500000
4.00358e+07 2510000
4.00362e+07 2520000
4.20383e+07 2530000
4.10369e+07 2540000
4.10373e+07 2550000
4.10377e+07 2560000
4.10374e+07 2570000
4.00383e+07 2580000
4.10378e+07 2590000
4.10371e+07 2600000
4.20387e+07 2610000
4.10378e+07 2620000
4.20382e+07 2630000
4.30395e+07 2640000
4.30392e+07 2650000
5.90535e+07 2660000
4.30391e+07 2670000
4.30401e+07 2680000
4.30387e+07 2690000
4.40397e+07 2700000
4.30394e+07 2710000
4.40403e+07 2720000
4.30383e+07 2730000
4.40398e+07 2740000
4.50408e+07 2750000
4.30398e+07 2760000
4.30382e+07 2770000
4.50447e+07 2780000
4.60426e+07 2790000
4.60421e+07 2800000
4.60416e+07 2810000
4.60424e+07 2820000
4.60427e+07 2830000
4.60414e+07 2840000
4.7043e+07 2850000
4.60424e+07 2860000
4.70429e+07 2870000
4.6043e+07 2880000
4.51774e+07 2890000
4.70423e+07 2900000
4.70432e+07 2910000
4.6043e+07 2920000
4.70429e+07 2930000
5.00454e+07 2940000
4.60422e+07 2950000
4.70427e+07 2960000
4.80437e+07 2970000
4.70422e+07 2980000
4.70423e+07 2990000
4.90442e+07 3000000
4.90449e+07 3010000
4.70424e+07 3020000
4.80434e+07 3030000
4.70435e+07 3040000
5.07372e+07 3050000
5.10461e+07 3060000
4.80431e+07 3070000
5.00457e+07 3080000
4.80445e+07 3090000
5.10463e+07 3100000
4.90444e+07 3110000
5.00458e+07 3120000
4.90448e+07 3130000
5.10462e+07 3140000
5.00454e+07 3150000
5.30485e+07 3160000
5.20477e+07 3170000
5.50506e+07 3180000
5.10467e+07 3190000
5.10457e+07 3200000
5.20475e+07 3210000
5.20477e+07 3220000
5.40493e+07 3230000
5.30487e+07 3240000
5.30476e+07 3250000
5.1047e+07 3260000
5.30482e+07 3270000
5.10459e+07 3280000
5.20486e+07 3290000
5.2902e+07 3300000
5.20498e+07 3310000
5.20476e+07 3320000
5.20475e+07 3330000
5.20474e+07 3340000
5.30477e+07 3350000
5.30483e+07 3360000
5.50504e+07 3370000
5.40493e+07 3380000
5.30482e+07 3390000
5.30482e+07 3400000
5.30484e+07 3410000
5.30478e+07 3420000
5.50502e+07 3430000
5.50503e+07 3440000
5.50504e+07 3450000
5.40493e+07 3460000
5.70618e+07 3470000
5.50504e+07 3480000
5.60525e+07 3490000
5.40494e+07 3500000
5.40489e+07 3510000
5.7054e+07 3520000
5.70526e+07 3530000
5.70514e+07 3540000
5.60513e+07 3550000
5.60514e+07 3560000
5.505e+07 3570000
5.70525e+07 3580000
5.70523e+07 3590000
5.8054e+07 3600000
5.80528e+07 3610000
5.60516e+07 3620000
5.70633e+07 3630000
5.70526e+07 3640000
5.90537e+07 3650000
5.90538e+07 3660000
5.90557e+07 3670000
5.80527e+07 3680000
5.90544e+07 3690000
5.80658e+07 3700000
6.00549e+07 3710000
5.90539e+07 3720000
5.90534e+07 3730000
6.00547e+07 3740000
6.10557e+07 3750000
5.90541e+07 3760000
6.0056e+07 3770000
5.90537e+07 3780000
6.00543e+07 3790000
6.10555e+07 3800000
5.90533e+07 3810000
6.20564e+07 3820000
6.10552e+07 3830000
6.50589e+07 3840000
6.10555e+07 3850000
6.00545e+07 3860000
6.30569e+07 3870000
6.10556e+07 3880000
6.20567e+07 3890000
6.20562e+07 3900000
6.30581e+07 3910000
6.40615e+07 3920000
6.30576e+07 3930000
6.30574e+07 3940000
6.30576e+07 3950000
6.40589e+07 3960000
6.30568e+07 3970000
6.30577e+07 3980000
6.30573e+07 3990000
6.30576e+07 4000000
6.95681e+07 4010000
6.40575e+07 4020000
6.30581e+07 4030000
6.40587e+07 4040000
6.30575e+07 4050000
6.40583e+07 4060000
6.40583e+07 4070000
6.50592e+07 4080000
6.70612e+07 4090000
6.50595e+07 4100000
6.70618e+07 4110000
6.50594e+07 4120000
6.40583e+07 4130000
6.50617e+07 4140000
6.70609e+07 4150000
6.70611e+07 4160000
6.73014e+07 4170000
6.70608e+07 4180000
6.70624e+07 4190000
6.70604e+07 4200000
6.60608e+07 4210000
6.70609e+07 4220000
6.70611e+07 4230000
6.8062e+07 4240000
6.80616e+07 4250000
6.70607e+07 4260000
6.80616e+07 4270000
6.90628e+07 4280000
6.90622e+07 4290000
6.80631e+07 4300000
6.90629e+07 4310000
6.8062e+07 4320000
7.1065e+07 4330000
6.80618e+07 4340000
6.90634e+07 4350000
6.9063e+07 4360000
6.9063e+07 4370000
7.00748e+07 4380000
7.00649e+07 4390000
6.80615e+07 4400000
7.20661e+07 4410000
7.10641e+07 4420000
7.1073e+07 4430000
7.10652e+07 4440000
7.10652e+07 4450000
7.20677e+07 4460000
7.10647e+07 4470000
7.1065e+07 4480000
7.00658e+07 4490000
7.10644e+07 4500000
7.10644e+07 4510000
6.85659e+07 4520000
7.10643e+07 4530000
7.10656e+07 4540000
7.35734e+07 4550000
7.30675e+07 4560000
7.3066e+07 4570000
7.25696e+07 4580000
7.20653e+07 4590000
7.20662e+07 4600000
7.2066e+07 4610000
7.50686e+07 4620000
7.60691e+07 4630000
7.30667e+07 4640000
7.40682e+07 4650000
7.20652e+07 4660000
7.40691e+07 4670000
7.40679e+07 4680000
7.30667e+07 4690000
7.50692e+07 4700000
7.50677e+07 4710000
7.4069e+07 4720000
7.60695e+07 4730000
7.60692e+07 4740000
7.63941e+07 4750000
7.50687e+07 4760000
7.50675e+07 4770000
7.70703e+07 4780000
7.70702e+07 4790000
7.60718e+07 4800000
7.40673e+07 4810000
7.90722e+07 4820000
7.7071e+07 4830000
7.70699e+07 4840000
7.70701e+07 4850000
7.70706e+07 4860000
7.60691e+07 4870000
7.70705e+07 4880000
7.70721e+07 4890000
7.80714e+07 4900000
7.80716e+07 4910000
7.65733e+07 4920000
8.10745e+07 4930000
7.90728e+07 4940000
7.90719e+07 4950000
7.80707e+07 4960000
7.80711e+07 4970000
8.00734e+07 4980000
7.90726e+07 4990000
7.90717e+07 5000000
7.90717e+07 5010000
8.00727e+07 5020000
8.00723e+07 5030000
8.10732e+07 5040000
8.10745e+07 5050000
8.1091e+07 5060000
7.90716e+07 5070000
8.00733e+07 5080000
8.00735e+07 5090000
8.10737e+07 5100000
8.10741e+07 5110000
8.20746e+07 5120000
8.40758e+07 5130000
8.2074e+07 5140000
8.20743e+07 5150000
8.20865e+07 5160000
8.20744e+07 5170000
8.40762e+07 5180000
8.3075e+07 5190000
8.30765e+07 5200000
8.20757e+07 5210000
8.40767e+07 5220000
8.4076e+07 5230000
8.30756e+07 5240000
8.30757e+07 5250000
8.50774e+07 5260000
8.30753e+07 5270000
8.20744e+07 5280000
8.30871e+07 5290000
8.40764e+07 5300000
8.90808e+07 5310000
8.50783e+07 5320000
8.40773e+07 5330000
8.50769e+07 5340000
8.40768e+07 5350000
8.60782e+07 5360000
8.60788e+07 5370000
8.60785e+07 5380000
8.83643e+07 5390000
8.60782e+07 5400000
1.03095e+08 5410000
8.70803e+07 5420000
8.80807e+07 5430000
8.7242e+07 5440000
8.60779e+07 5450000
8.71055e+07 5460000
8.60784e+07 5470000
8.90807e+07 5480000
8.70793e+07 5490000
8.60798e+07 5500000
8.70796e+07 5510000
8.80815e+07 5520000
8.90814e+07 5530000
8.90805e+07 5540000
8.90816e+07 5550000
8.80922e+07 5560000
8.90805e+07 5570000
8.90812e+07 5580000
9.00818e+07 5590000
8.80807e+07 5600000
8.90814e+07 5610000
9.0082e+07 5620000
9.10822e+07 5630000
9.00824e+07 5640000
9.10836e+07 5650000
9.10826e+07 5660000
9.00823e+07 5670000
8.90837e+07 5680000
9.10828e+07 5690000
9.1083e+07 5700000
9.40861e+07 5710000
9.10848e+07 5720000
9.70884e+07 5730000
9.20841e+07 5740000
9.30852e+07 5750000
9.15872e+07 5760000
9.10844e+07 5770000
9.30852e+07 5780000
9.30854e+07 5790000
9.40857e+07 5800000
9.40856e+07 5810000
9.70883e+07 5820000
9.60865e+07 5830000
9.60869e+07 5840000
9.51801e+07 5850000
9.90915e+07 5860000
9.30845e+07 5870000
9.3085e+07 5880000
9.41795e+07 5890000
9.40861e+07 5900000
9.40868e+07 5910000
9.50859e+07 5920000
9.60318e+07 5930000
9.90902e+07 5940000
9.60883e+07 5950000
1.00091e+08 5960000
9.60875e+07 5970000
9.80909e+07 5980000
9.60885e+07 5990000
1.03096e+08 6000000
9.9091e+07 6010000
1.06097e+08 6020000
9.7089e+07 6030000
9.90911e+07 6040000
1.01091e+08 6050000
1.05096e+08 6060000
1.01093e+08 6070000
1.01091e+08 6080000
9.909e+07 6090000
9.80887e+07 6100000
1.01092e+08 6110000
1.00091e+08 6120000
1.02093e+08 6130000
9.90903e+07 6140000
9.90904e+07 6150000
1.01092e+08 6160000
1.15105e+08 6170000
1.091e+08 6180000
1.03094e+08 6190000
1.00091e+08 6200000
1.00091e+08 6210000
1.04095e+08 6220000
1.02022e+08 6230000
1.03095e+08 6240000
1.04095e+08 6250000
1.02093e+08 6260000
1.02093e+08 6270000
1.02092e+08 6280000
1.01093e+08 6290000
1.03094e+08 6300000
1.02092e+08 6310000
1.02092e+08 6320000
1.01092e+08 6330000
1.06097e+08 6340000
1.06064e+08 6350000
1.05096e+08 6360000
1.05096e+08 6370000
1.05096e+08 6380000
1.03094e+08 6390000
1.04095e+08 6400000
1.03094e+08 6410000
1.06096e+08 6420000
1.09099e+08 6430000
1.06096e+08 6440000
1.04095e+08 6450000
1.05096e+08 6460000
1.03094e+08 6470000
1.04094e+08 6480000
1.08099e+08 6490000
1.04095e+08 6500000
1.06097e+08 6510000
1.04095e+08 6520000
1.04094e+08 6530000
1.11101e+08 6540000
1.08098e+08 6550000
1.09099e+08 6560000
1.07097e+08 6570000
1.07097e+08 6580000
1.06097e+08 6590000
1.09099e+08 6600000
1.10101e+08 6610000
1.07098e+08 6620000
1.10101e+08 6630000
1.24114e+08 6640000
1.12101e+08 6650000
1.10101e+08 6660000
1.101e+08 6670000
1.12103e+08 6680000
1.1323e+08 6690000
1.09099e+08 6700000
1.10622e+08 6710000
1.08098e+08 6720000
1.11101e+08 6730000
1.12102e+08 6740000
1.08099e+08 6750000
1.101e+08 6760000
1.16105e+08 6770000
1.10101e+08 6780000
1.11115e+08 6790000
1.101e+08 6800000
1.101e+08 6810000
1.09099e+08 6820000
1.11102e+08 6830000
1.101e+08 6840000
1.101e+08 6850000
1.14105e+08 6860000
1.10101e+08 6870000
1.11103e+08 6880000
1.12102e+08 6890000
1.11101e+08 6900000
1.12102e+08 6910000
1.11101e+08 6920000
1.12102e+08 6930000
1.11101e+08 6940000
1.11101e+08 6950000
1.11101e+08 6960000
1.12102e+08 6970000
1.12239e+08 6980000
1.11101e+08 6990000
1.12103e+08 7000000
1.13103e+08 7010000
1.13103e+08 7020000
1.16108e+08 7030000
1.14104e+08 7040000
1.17107e+08 7050000
1.26115e+08 7060000
1.14104e+08 7070000
1.13103e+08 7080000
1.14115e+08 7090000
1.16107e+08 7100000
1.16118e+08 7110000
1.14104e+08 7120000
1.17107e+08 7130000
1.15104e+08 7140000
1.17107e+08 7150000
1.15105e+08 7160000
1.1811e+08 7170000
1.19108e+08 7180000
1.18108e+08 7190000
1.15105e+08 7200000
1.16106e+08 7210000
1.17106e+08 7220000
1.19109e+08 7230000
1.19108e+08 7240000
1.18107e+08 7250000
1.19109e+08 7260000
1.17617e+08 7270000
1.15105e+08 7280000
1.18108e+08 7290000
1.20109e+08 7300000
1.55141e+08 7310000
1.17611e+08 7320000
1.1912e+08 7330000
1.18108e+08 7340000
1.17106e+08 7350000
1.18108e+08 7360000
1.20109e+08 7370000
1.19109e+08 7380000
1.18108e+08 7390000
1.20109e+08 7400000
1.17106e+08 7410000
1.19108e+08 7420000
1.19108e+08 7430000
1.1911e+08 7440000
1.2111e+08 7450000
1.2111e+08 7460000
1.19108e+08 7470000
1.2111e+08 7480000
1.22111e+08 7490000
1.2111e+08 7500000
1.19108e+08 7510000
1.22112e+08 7520000
1.23112e+08 7530000
1.2011e+08 7540000
1.2111e+08 7550000
1.22111e+08 7560000
1.2211e+08 7570000
1.23112e+08 7580000
1.23111e+08 7590000
1.22114e+08 7600000
1.23112e+08 7610000
1.28117e+08 7620000
1.23114e+08 7630000
1.21111e+08 7640000
1.24114e+08 7650000
1.22111e+08 7660000
1.24114e+08 7670000
1.25114e+08 7680000
1.27116e+08 7690000
1.23113e+08 7700000
1.24112e+08 7710000
1.23115e+08 7720000
1.23112e+08 7730000
1.25114e+08 7740000
1.30119e+08 7750000
1.24114e+08 7760000
1.25116e+08 7770000
1.26114e+08 7780000
1.28117e+08 7790000
1.24113e+08 7800000
1.30382e+08 7810000
1.25114e+08 7820000
1.26117e+08 7830000
1.25114e+08 7840000
1.29117e+08 7850000
1.28117e+08 7860000
1.27116e+08 7870000
1.27115e+08 7880000
1.28117e+08 7890000
1.28116e+08 7900000
1.28117e+08 7910000
1.29118e+08 7920000
1.26114e+08 7930000
1.28788e+08 7940000
1.31119e+08 7950000
1.2911e+08 7960000
1.29118e+08 7970000
1.29118e+08 7980000
1.30118e+08 7990000
1.31119e+08 8000000
1.29117e+08 8010000
1.66152e+08 8020000
1.29118e+08 8030000
1.33121e+08 8040000
1.29119e+08 8050000
1.3112e+08 8060000
1.29117e+08 8070000
1.30118e+08 8080000
1.3112e+08 8090000
1.34701e+08 8100000
1.31119e+08 8110000
1.29131e+08 8120000
1.30118e+08 8130000
1.3212e+08 8140000
1.33121e+08 8150000
1.30119e+08 8160000
1.33121e+08 8170000
1.33122e+08 8180000
1.33122e+08 8190000
1.33625e+08 8200000
1.3112e+08 8210000
1.36124e+08 8220000
1.3212e+08 8230000
1.3212e+08 8240000
1.33122e+08 8250000
1.35123e+08 8260000
1.39127e+08 8270000
1.33121e+08 8280000
1.35123e+08 8290000
1.34122e+08 8300000
1.33122e+08 8310000
1.35124e+08 8320000
1.35123e+08 8330000
1.35668e+08 8340000
1.68153e+08 8350000
1.34122e+08 8360000
1.33121e+08 8370000
1.35124e+08 8380000
1.36136e+08 8390000
1.35124e+08 8400000
1.39127e+08 8410000
1.40127e+08 8420000
1.36124e+08 8430000
1.4113e+08 8440000
1.5414e+08 8450000
1.38126e+08 8460000
1.36629e+08 8470000
1.38126e+08 8480000
1.36124e+08 8490000
1.35123e+08 8500000
1.37125e+08 8510000
1.42142e+08 8520000
1.36124e+08 8530000
1.35124e+08 8540000
1.3913e+08 8550000
1.39127e+08 8560000
1.39127e+08 8570000
1.40128e+08 8580000
1.39127e+08 8590000
1.39128e+08 8600000
1.36124e+08 8610000
1.41128e+08 8620000
1.39126e+08 8630000
1.39127e+08 8640000
1.39127e+08 8650000
1.4213e+08 8660000
1.40128e+08 8670000
1.41129e+08 8680000
1.41129e+08 8690000
1.4013e+08 8700000
1.4213e+08 8710000
1.41142e+08 8720000
1.40128e+08 8730000
1.4113e+08 8740000
1.43131e+08 8750000
1.41128e+08 8760000
1.40128e+08 8770000
1.40128e+08 8780000
1.46133e+08 8790000
1.4213e+08 8800000
1.4213e+08 8810000
1.45132e+08 8820000
1.44132e+08 8830000
1.4313e+08 8840000
1.44131e+08 8850000
1.47134e+08 8860000
1.4213e+08 8870000
1.44131e+08 8880000
1.44131e+08 8890000
1.49136e+08 8900000
1.47134e+08 8910000
1.44132e+08 8920000
1.46132e+08 8930000
1.44131e+08 8940000
1.44131e+08 8950000
1.44131e+08 8960000
1.47134e+08 8970000
1.45132e+08 8980000
1.45132e+08 8990000
1.47134e+08 9000000
1.49136e+08 9010000
1.46133e+08 9020000
1.47579e+08 9030000
1.6515e+08 9040000
1.45132e+08 9050000
1.47134e+08 9060000
1.45132e+08 9070000
1.49137e+08 9080000
1.50136e+08 9090000
1.47134e+08 9100000
1.47134e+08 9110000
1.49136e+08 9120000
1.50154e+08 9130000
1.47134e+08 9140000
1.49135e+08 9150000
1.47134e+08 9160000
1.50137e+08 9170000
1.48135e+08 9180000
1.50569e+08 9190000
1.49136e+08 9200000
1.49136e+08 9210000
1.51137e+08 9220000
1.49136e+08 9230000
1.50137e+08 9240000
1.50137e+08 9250000
1.5314e+08 9260000
1.79162e+08 9270000
1.52138e+08 9280000
1.49135e+08 9290000
1.51138e+08 9300000
1.50136e+08 9310000
1.5314e+08 9320000
1.50148e+08 9330000
1.52138e+08 9340000
1.50137e+08 9350000
1.5114e+08 9360000
1.51137e+08 9370000
1.51138e+08 9380000
1.52138e+08 9390000
1.52139e+08 9400000
1.51137e+08 9410000
1.50641e+08 9420000
1.51137e+08 9430000
1.5414e+08 9440000
1.5314e+08 9450000
1.60146e+08 9460000
1.5314e+08 9470000
1.54157e+08 9480000
1.5314e+08 9490000
1.53139e+08 9500000
1.55141e+08 9510000
1.55141e+08 9520000
1.55141e+08 9530000
1.57143e+08 9540000
1.58144e+08 9550000
1.60146e+08 9560000
1.62148e+08 9570000
1.52139e+08 9580000
1.5314e+08 9590000
1.57143e+08 9600000
1.5879e+08 9610000
1.55143e+08 9620000
1.60146e+08 9630000
1.56141e+08 9640000
1.55141e+08 9650000
1.57143e+08 9660000
1.57144e+08 9670000
1.60146e+08 9680000
1.56142e+08 9690000
1.58144e+08 9700000
1.56142e+08 9710000
1.57144e+08 9720000
1.5414e+08 9730000
1.58144e+08 9740000
1.57143e+08 9750000
1.58146e+08 9760000
1.59144e+08 9770000
1.62147e+08 9780000
1.60146e+08 9790000
1.60146e+08 9800000
1.58144e+08 9810000
1.59145e+08 9820000
1.59144e+08 9830000
1.59144e+08 9840000
1.62147e+08 9850000
1.62148e+08 9860000
1.59145e+08 9870000
1.65657e+08 9880000
1.61146e+08 9890000
1.65152e+08 9900000
1.63148e+08 9910000
1.64151e+08 9920000
1.60146e+08 9930000
1.63148e+08 9940000
1.70155e+08 9950000
1.67152e+08 9960000
1.62148e+08 9970000
1.64163e+08 9980000
1.62148e+08 9990000
1.61146e+08 10000000
