1.0002e+06 10000
0 20000
0 30000
1.0008e+06 40000
0 50000
0 60000
0 70000
1.0009e+06 80000
1.0013e+06 90000
1.0005e+06 100000
2.0022e+06 110000
2.002e+06 120000
2.001e+06 130000
3.0027e+06 140000
3.0042e+06 150000
3.0021e+06 160000
3.0025e+06 170000
4.0037e+06 180000
4.0032e+06 190000
4.0034e+06 200000
5.0053e+06 210000
4.0029e+06 220000
5.0047e+06 230000
5.0047e+06 240000
5.0043e+06 250000
6.0061e+06 260000
6.0055e+06 270000
6.005e+06 280000
6.006e+06 290000
7.0062e+06 300000
6.0053e+06 310000
7.0059e+06 320000
7.0071e+06 330000
8.0069e+06 340000
8.008e+06 350000
8.0074e+06 360000
8.0076e+06 370000
8.0074e+06 380000
8.0084e+06 390000
9.009e+06 400000
9.0077e+06 410000
9.0081e+06 420000
9.0081e+06 430000
9.0081e+06 440000
1.00101e+07 450000
9.0082e+06 460000
1.00084e+07 470000
1.00092e+07 480000
1.00089e+07 490000
1.10109e+07 500000
1.10098e+07 510000
1.10097e+07 520000
1.10095e+07 530000
1.10097e+07 540000
1.20114e+07 550000
1.20167e+07 560000
1.20108e+07 570000
1.20109e+07 580000
1.20113e+07 590000
1.30128e+07 600000
1.3011e+07 610000
1.30124e+07 620000
1.40134e+07 630000
1.30121e+07 640000
1.40123e+07 650000
1.40129e+07 660000
1.50145e+07 670000
1.50137e+07 680000
1.50146e+07 690000
1.50135e+07 700000
1.50137e+07 710000
1.60145e+07 720000
1.60145e+07 730000
1.60152e+07 740000
1.60144e+07 750000
1.60148e+07 760000
1.70147e+07 770000
1.60144e+07 780000
1.70161e+07 790000
1.70154e+07 800000
1.70153e+07 810000
1.80165e+07 820000
1.80159e+07 830000
1.8017e+07 840000
1.80164e+07 850000
1.8016e+07 860000
1.9017e+07 870000
1.90173e+07 880000
1.90167e+07 890000
2.00108e+07 900000
1.9018e+07 910000
2.0018e+07 920000
2.00185e+07 930000
1.94807e+07 940000
2.00195e+07 950000
2.10191e+07 960000
2.10192e+07 970000
2.10191e+07 980000
2.10189e+07 990000
2.1018e+07 1000000
2.20202e+07 1010000
2.20201e+07 1020000
2.202e+07 1030000
2.20204e+07 1040000
2.30201e+07 1050000
2.20201e+07 1060000
2.30215e+07 1070000
2.30213e+07 1080000
2.30209e+07 1090000
2.40217e+07 1100000
2.40214e+07 1110000
2.40214e+07 1120000
2.30215e+07 1130000
2.40219e+07 1140000
2.50231e+07 1150000
2.50229e+07 1160000
2.50232e+07 1170000
2.50228e+07 1180000
2.50222e+07 1190000
2.60227e+07 1200000
2.50225e+07 1210000
2.60236e+07 1220000
2.60243e+07 1230000
2.60246e+07 1240000
2.60234e+07 1250000
2.70248e+07 1260000
2.70245e+07 1270000
2.70249e+07 1280000
2.80256e+07 1290000
2.80259e+07 1300000
2.70245e+07 1310000
2.80255e+07 1320000
2.90263e+07 1330000
2.80259e+07 1340000
3.10273e+07 1350000
2.90265e+07 1360000
2.90266e+07 1370000
2.9026e+07 1380000
2.90267e+07 1390000
2.90264e+07 1400000
3.00272e+07 1410000
3.00274e+07 1420000
3.10282e+07 1430000
3.20292e+07 1440000
3.10286e+07 1450000
3.10276e+07 1460000
3.00274e+07 1470000
3.30302e+07 1480000
3.20283e+07 1490000
3.10285e+07 1500000
3.20288e+07 1510000
3.20291e+07 1520000
3.2029e+07 1530000
3.20291e+07 1540000
3.20295e+07 1550000
3.30315e+07 1560000
3.40311e+07 1570000
3.30303e+07 1580000
3.40308e+07 1590000
3.4031e+07 1600000
3.50314e+07 1610000
3.70326e+07 1620000
3.40313e+07 1630000
3.40317e+07 1640000
3.50321e+07 1650000
3.50321e+07 1660000
3.60328e+07 1670000
3.60329e+07 1680000
3.80468e+07 1690000
3.60325e+07 1700000
3.60329e+07 1710000
3.60334e+07 1720000
3.70339e+07 1730000
3.70331e+07 1740000
3.70344e+07 1750000
3.80353e+07 1760000
3.70341e+07 1770000
4.2038e+07 1780000
3.80346e+07 1790000
3.80343e+07 1800000
4.00368e+07 1810000
3.90342e+07 1820000
3.90355e+07 1830000
3.90357e+07 1840000
3.80343e+07 1850000
3.80354e+07 1860000
3.90353e+07 1870000
3.90354e+07 1880000
4.00364e+07 1890000
4.10368e+07 1900000
4.00369e+07 1910000
4.80437e+07 1920000
4.10377e+07 1930000
4.10374e+07 1940000
4.10375e+07 1950000
4.20382e+07 1960000
4.10376e+07 1970000
4.10373e+07 1980000
4.20388e+07 1990000
4.20379e+07 2000000
4.30391e+07 2010000
4.30388e+07 2020000
4.10375e+07 2030000
4.30391e+07 2040000
4.30389e+07 2050000
4.30399e+07 2060000
4.30387e+07 2070000
4.30393e+07 2080000
4.40407e+07 2090000
4.60418e+07 2100000
4.50406e+07 2110000
4.40392e+07 2120000
4.4041e+07 2130000
4.50413e+07 2140000
4.60414e+07 2150000
4.70421e+07 2160000
4.50407e+07 2170000
4.80428e+07 2180000
4.60418e+07 2190000
4.70429e+07 2200000
4.80446e+07 2210000
4.90446e+07 2220000
4.70424e+07 2230000
4.74122e+07 2240000
4.70426e+07 2250000
4.70423e+07 2260000
4.7043e+07 2270000
4.90447e+07 2280000
4.70425e+07 2290000
4.9045e+07 2300000
5.00467e+07 2310000
4.80439e+07 2320000
5.00457e+07 2330000
5.605e+07 2340000
4.90442e+07 2350000
5.00574e+07 2360000
5.3049e+07 2370000
5.10463e+07 2380000
5.00454e+07 2390000
5.20474e+07 2400000
5.00455e+07 2410000
5.20477e+07 2420000
5.10463e+07 2430000
5.10472e+07 2440000
5.10459e+07 2450000
5.40496e+07 2460000
5.20468e+07 2470000
5.30473e+07 2480000
5.20477e+07 2490000
5.20474e+07 2500000
5.20479e+07 2510000
5.30484e+07 2520000
5.40481e+07 2530000
5.40492e+07 2540000
5.40487e+07 2550000
5.30492e+07 2560000
5.30482e+07 2570000
5.40489e+07 2580000
5.40494e+07 2590000
5.40499e+07 2600000
5.40487e+07 2610000
5.50504e+07 2620000
6.00545e+07 2630000
5.60497e+07 2640000
5.50499e+07 2650000
5.50497e+07 2660000
5.80528e+07 2670000
5.70524e+07 2680000
5.70518e+07 2690000
5.60504e+07 2700000
5.70517e+07 2710000
5.60507e+07 2720000
5.65356e+07 2730000
5.80529e+07 2740000
5.80533e+07 2750000
5.80529e+07 2760000
6.10557e+07 2770000
5.90544e+07 2780000
5.9053e+07 2790000
6.00544e+07 2800000
5.9054e+07 2810000
5.9054e+07 2820000
5.90536e+07 2830000
6.08629e+07 2840000
6.00554e+07 2850000
5.90543e+07 2860000
6.10558e+07 2870000
6.00542e+07 2880000
6.10562e+07 2890000
6.00541e+07 2900000
6.10556e+07 2910000
6.10549e+07 2920000
6.10556e+07 2930000
6.20565e+07 2940000
6.20564e+07 2950000
6.20563e+07 2960000
6.20563e+07 2970000
6.20564e+07 2980000
6.30578e+07 2990000
6.50592e+07 3000000
6.40581e+07 3010000
6.40588e+07 3020000
6.40586e+07 3030000
6.40587e+07 3040000
6.3058e+07 3050000
6.50591e+07 3060000
6.4564e+07 3070000
6.40589e+07 3080000
6.50602e+07 3090000
6.60604e+07 3100000
6.70613e+07 3110000
6.60597e+07 3120000
6.60603e+07 3130000
6.80617e+07 3140000
6.70605e+07 3150000
6.60602e+07 3160000
6.66585e+07 3170000
7.00641e+07 3180000
6.80741e+07 3190000
6.70614e+07 3200000
6.70613e+07 3210000
6.70609e+07 3220000
6.80607e+07 3230000
6.9062e+07 3240000
6.8063e+07 3250000
6.80638e+07 3260000
6.82622e+07 3270000
6.90627e+07 3280000
7.00637e+07 3290000
7.2079e+07 3300000
6.80615e+07 3310000
6.90632e+07 3320000
7.10647e+07 3330000
7.00643e+07 3340000
7.10643e+07 3350000
7.10654e+07 3360000
7.10648e+07 3370000
7.10641e+07 3380000
7.20663e+07 3390000
7.10647e+07 3400000
7.20648e+07 3410000
7.40677e+07 3420000
7.30672e+07 3430000
7.30668e+07 3440000
7.30666e+07 3450000
7.20656e+07 3460000
7.20647e+07 3470000
7.30665e+07 3480000
7.40677e+07 3490000
8.40772e+07 3500000
7.40678e+07 3510000
7.80712e+07 3520000
7.50688e+07 3530000
7.80714e+07 3540000
7.50678e+07 3550000
7.60698e+07 3560000
7.40669e+07 3570000
7.50707e+07 3580000
7.60698e+07 3590000
7.90726e+07 3600000
7.50682e+07 3610000
7.60694e+07 3620000
7.76919e+07 3630000
7.70704e+07 3640000
7.80709e+07 3650000
7.60685e+07 3660000
7.70701e+07 3670000
7.80714e+07 3680000
7.70702e+07 3690000
8.00727e+07 3700000
7.90718e+07 3710000
7.90724e+07 3720000
7.80703e+07 3730000
8.00728e+07 3740000
8.20766e+07 3750000
7.90729e+07 3760000
8.00737e+07 3770000
8.30757e+07 3780000
7.90711e+07 3790000
8.20746e+07 3800000
8.26243e+07 3810000
8.20748e+07 3820000
8.00741e+07 3830000
8.20753e+07 3840000
8.3076e+07 3850000
8.1074e+07 3860000
8.40759e+07 3870000
8.3075e+07 3880000
8.10746e+07 3890000
8.40761e+07 3900000
9.4086e+07 3910000
8.30751e+07 3920000
8.50776e+07 3930000
8.80807e+07 3940000
8.30757e+07 3950000
8.50768e+07 3960000
8.50765e+07 3970000
8.60782e+07 3980000
8.60792e+07 3990000
8.5078e+07 4000000
8.50777e+07 4010000
8.60787e+07 4020000
8.50775e+07 4030000
8.4077e+07 4040000
8.50777e+07 4050000
8.35807e+07 4060000
8.60787e+07 4070000
8.60788e+07 4080000
8.70785e+07 4090000
9.60886e+07 4100000
9.30835e+07 4110000
8.80797e+07 4120000
8.70792e+07 4130000
9.40861e+07 4140000
8.80808e+07 4150000
8.70788e+07 4160000
8.90829e+07 4170000
9.10824e+07 4180000
8.90809e+07 4190000
9.00815e+07 4200000
8.80817e+07 4210000
9.0082e+07 4220000
8.90803e+07 4230000
9.10835e+07 4240000
8.90817e+07 4250000
8.90815e+07 4260000
9.40859e+07 4270000
9.10832e+07 4280000
9.10829e+07 4290000
9.60884e+07 4300000
9.1083e+07 4310000
9.00814e+07 4320000
9.20826e+07 4330000
9.20846e+07 4340000
9.10939e+07 4350000
9.20921e+07 4360000
9.20838e+07 4370000
9.39184e+07 4380000
9.20838e+07 4390000
9.30847e+07 4400000
9.40845e+07 4410000
9.20836e+07 4420000
9.29187e+07 4430000
9.30853e+07 4440000
9.60877e+07 4450000
9.50854e+07 4460000
9.50852e+07 4470000
9.40855e+07 4480000
9.70879e+07 4490000
9.50864e+07 4500000
9.70884e+07 4510000
9.50859e+07 4520000
9.5086e+07 4530000
9.54495e+07 4540000
9.40208e+07 4550000
9.63418e+07 4560000
9.60869e+07 4570000
9.60875e+07 4580000
9.63401e+07 4590000
9.7088e+07 4600000
9.60039e+07 4610000
9.60863e+07 4620000
1.00092e+08 4630000
9.8089e+07 4640000
9.70892e+07 4650000
9.91509e+07 4660000
1.00091e+08 4670000
1.00596e+08 4680000
1.01092e+08 4690000
9.80895e+07 4700000
9.80896e+07 4710000
9.85938e+07 4720000
9.8089e+07 4730000
9.90903e+07 4740000
1.01092e+08 4750000
9.90903e+07 4760000
9.90904e+07 4770000
1.11103e+08 4780000
1.01092e+08 4790000
1.01915e+08 4800000
1.00091e+08 4810000
1.01092e+08 4820000
1.00092e+08 4830000
1.01092e+08 4840000
1.02094e+08 4850000
1.01092e+08 4860000
1.03093e+08 4870000
1.01638e+08 4880000
1.02093e+08 4890000
1.02607e+08 4900000
1.03094e+08 4910000
1.03762e+08 4920000
1.03094e+08 4930000
1.05099e+08 4940000
1.03096e+08 4950000
1.03094e+08 4960000
1.05096e+08 4970000
1.04095e+08 4980000
1.06098e+08 4990000
1.05122e+08 5000000
1.05096e+08 5010000
1.04104e+08 5020000
1.05095e+08 5030000
1.04099e+08 5040000
1.06097e+08 5050000
1.06097e+08 5060000
1.37124e+08 5070000
1.07097e+08 5080000
1.056e+08 5090000
1.06097e+08 5100000
1.07098e+08 5110000
1.07081e+08 5120000
1.07102e+08 5130000
1.07097e+08 5140000
1.091e+08 5150000
1.09098e+08 5160000
1.08098e+08 5170000
1.091e+08 5180000
1.08099e+08 5190000
1.101e+08 5200000
1.091e+08 5210000
1.08099e+08 5220000
1.091e+08 5230000
1.10101e+08 5240000
1.101e+08 5250000
1.11101e+08 5260000
1.11101e+08 5270000
1.11101e+08 5280000
1.11101e+08 5290000
1.11102e+08 5300000
1.11102e+08 5310000
1.11101e+08 5320000
1.11102e+08 5330000
1.10582e+08 5340000
1.12101e+08 5350000
1.11101e+08 5360000
1.11101e+08 5370000
1.12102e+08 5380000
1.13103e+08 5390000
1.13103e+08 5400000
1.12101e+08 5410000
1.16201e+08 5420000
1.1461e+08 5430000
1.14103e+08 5440000
1.14104e+08 5450000
1.16106e+08 5460000
1.14104e+08 5470000
1.14104e+08 5480000
1.13654e+08 5490000
1.15105e+08 5500000
1.15636e+08 5510000
1.15104e+08 5520000
1.18108e+08 5530000
1.15105e+08 5540000
1.17107e+08 5550000
1.16165e+08 5560000
1.17106e+08 5570000
1.17007e+08 5580000
1.19109e+08 5590000
1.17106e+08 5600000
1.19111e+08 5610000
1.18108e+08 5620000
1.20109e+08 5630000
1.18107e+08 5640000
1.18133e+08 5650000
1.21111e+08 5660000
1.20529e+08 5670000
1.19108e+08 5680000
1.17106e+08 5690000
1.19108e+08 5700000
1.19108e+08 5710000
1.27621e+08 5720000
1.19247e+08 5730000
1.20111e+08 5740000
1.18648e+08 5750000
1.2011e+08 5760000
1.19975e+08 5770000
1.2111e+08 5780000
1.2163e+08 5790000
1.21111e+08 5800000
1.22139e+08 5810000
1.22112e+08 5820000
1.21112e+08 5830000
1.20994e+08 5840000
1.24113e+08 5850000
1.22115e+08 5860000
1.23112e+08 5870000
1.23688e+08 5880000
1.22111e+08 5890000
1.25135e+08 5900000
1.24114e+08 5910000
1.23135e+08 5920000
1.24113e+08 5930000
1.24153e+08 5940000
1.25114e+08 5950000
1.24018e+08 5960000
1.25114e+08 5970000
1.25644e+08 5980000
1.25114e+08 5990000
1.25136e+08 6000000
1.26221e+08 6010000
1.26156e+08 6020000
1.24113e+08 6030000
1.25114e+08 6040000
1.26115e+08 6050000
1.26115e+08 6060000
1.27116e+08 6070000
1.27115e+08 6080000
1.27117e+08 6090000
1.27115e+08 6100000
1.27115e+08 6110000
1.28116e+08 6120000
1.28116e+08 6130000
1.29118e+08 6140000
1.29118e+08 6150000
1.28117e+08 6160000
1.30118e+08 6170000
1.28392e+08 6180000
1.28117e+08 6190000
1.29992e+08 6200000
1.31119e+08 6210000
1.29127e+08 6220000
1.29116e+08 6230000
1.30119e+08 6240000
1.31325e+08 6250000
1.31119e+08 6260000
1.31039e+08 6270000
1.31118e+08 6280000
1.31144e+08 6290000
1.31119e+08 6300000
1.32756e+08 6310000
1.3212e+08 6320000
1.3366e+08 6330000
1.33121e+08 6340000
1.3212e+08 6350000
1.32121e+08 6360000
1.32873e+08 6370000
1.33121e+08 6380000
1.35124e+08 6390000
1.33136e+08 6400000
1.33121e+08 6410000
1.34123e+08 6420000
1.36156e+08 6430000
1.34124e+08 6440000
1.35125e+08 6450000
1.38125e+08 6460000
1.35132e+08 6470000
1.35123e+08 6480000
1.37125e+08 6490000
1.36228e+08 6500000
1.35124e+08 6510000
1.36125e+08 6520000
1.37125e+08 6530000
1.37125e+08 6540000
1.35635e+08 6550000
1.39126e+08 6560000
1.3667e+08 6570000
1.37124e+08 6580000
1.3674e+08 6590000
1.39127e+08 6600000
1.37822e+08 6610000
1.37125e+08 6620000
1.37125e+08 6630000
1.38126e+08 6640000
1.38126e+08 6650000
1.38693e+08 6660000
1.39127e+08 6670000
1.40899e+08 6680000
1.39128e+08 6690000
1.40128e+08 6700000
1.40071e+08 6710000
1.40127e+08 6720000
1.4213e+08 6730000
1.40127e+08 6740000
1.40686e+08 6750000
1.40127e+08 6760000
1.42142e+08 6770000
1.44132e+08 6780000
1.41129e+08 6790000
1.41132e+08 6800000
1.4213e+08 6810000
1.42129e+08 6820000
1.44131e+08 6830000
1.4489e+08 6840000
1.42129e+08 6850000
1.431e+08 6860000
1.42129e+08 6870000
1.44132e+08 6880000
1.44114e+08 6890000
1.46636e+08 6900000
1.45023e+08 6910000
1.44144e+08 6920000
1.43969e+08 6930000
1.45132e+08 6940000
1.44718e+08 6950000
1.45379e+08 6960000
1.47008e+08 6970000
1.47133e+08 6980000
1.47694e+08 6990000
1.45986e+08 7000000
1.46133e+08 7010000
1.46133e+08 7020000
1.47135e+08 7030000
1.46423e+08 7040000
1.47134e+08 7050000
1.47134e+08 7060000
1.49136e+08 7070000
1.48137e+08 7080000
1.47134e+08 7090000
1.48135e+08 7100000
1.48134e+08 7110000
1.47636e+08 7120000
1.50138e+08 7130000
1.49136e+08 7140000
1.50136e+08 7150000
1.49136e+08 7160000
1.51137e+08 7170000
1.50137e+08 7180000
1.49137e+08 7190000
1.50138e+08 7200000
1.51138e+08 7210000
1.50137e+08 7220000
1.51141e+08 7230000
1.50136e+08 7240000
1.52642e+08 7250000
1.51138e+08 7260000
1.52139e+08 7270000
1.52141e+08 7280000
1.52139e+08 7290000
1.53139e+08 7300000
1.52138e+08 7310000
1.5414e+08 7320000
1.52139e+08 7330000
1.54252e+08 7340000
1.52138e+08 7350000
1.54141e+08 7360000
1.52139e+08 7370000
1.54141e+08 7380000
1.5314e+08 7390000
1.54141e+08 7400000
1.55142e+08 7410000
1.54141e+08 7420000
1.55141e+08 7430000
1.5414e+08 7440000
1.5414e+08 7450000
1.56142e+08 7460000
1.56143e+08 7470000
1.56142e+08 7480000
1.56142e+08 7490000
1.56144e+08 7500000
1.57142e+08 7510000
1.56646e+08 7520000
1.58144e+08 7530000
1.56647e+08 7540000
1.57144e+08 7550000
1.57143e+08 7560000
1.59144e+08 7570000
1.57143e+08 7580000
1.57144e+08 7590000
1.69153e+08 7600000
1.60146e+08 7610000
1.58144e+08 7620000
1.58144e+08 7630000
1.58144e+08 7640000
1.59144e+08 7650000
1.60652e+08 7660000
1.61147e+08 7670000
1.60147e+08 7680000
1.59144e+08 7690000
1.59145e+08 7700000
1.61652e+08 7710000
1.60145e+08 7720000
1.60148e+08 7730000
1.61147e+08 7740000
1.61147e+08 7750000
1.60147e+08 7760000
1.62149e+08 7770000
1.62148e+08 7780000
1.62149e+08 7790000
1.62148e+08 7800000
1.66152e+08 7810000
1.6515e+08 7820000
1.63149e+08 7830000
1.63653e+08 7840000
1.62149e+08 7850000
1.62147e+08 7860000
1.63151e+08 7870000
1.62652e+08 7880000
1.66151e+08 7890000
1.64149e+08 7900000
1.64149e+08 7910000
1.65152e+08 7920000
1.65151e+08 7930000
1.6515e+08 7940000
1.65655e+08 7950000
1.6515e+08 7960000
1.6515e+08 7970000
1.66152e+08 7980000
1.72703e+08 7990000
1.66152e+08 8000000
1.66152e+08 8010000
1.66164e+08 8020000
1.67152e+08 8030000
1.67152e+08 8040000
1.68152e+08 8050000
1.69153e+08 8060000
1.67152e+08 8070000
1.67152e+08 8080000
1.69154e+08 8090000
1.69154e+08 8100000
1.69154e+08 8110000
1.69154e+08 8120000
1.69154e+08 8130000
1.72157e+08 8140000
1.69154e+08 8150000
1.71156e+08 8160000
1.71156e+08 8170000
1.70157e+08 8180000
1.70155e+08 8190000
1.71156e+08 8200000
1.71661e+08 8210000
1.71155e+08 8220000
1.71156e+08 8230000
1.73158e+08 8240000
1.7316e+08 8250000
1.72157e+08 8260000
1.72157e+08 8270000
1.72156e+08 8280000
1.73157e+08 8290000
1.72157e+08 8300000
1.72157e+08 8310000
1.73158e+08 8320000
1.74158e+08 8330000
1.72169e+08 8340000
1.74158e+08 8350000
1.74159e+08 8360000
1.74159e+08 8370000
1.74171e+08 8380000
1.74158e+08 8390000
1.75664e+08 8400000
1.74159e+08 8410000
1.75171e+08 8420000
1.75159e+08 8430000
1.7616e+08 8440000
1.74158e+08 8450000
1.75161e+08 8460000
1.7616e+08 8470000
1.77162e+08 8480000
1.75161e+08 8490000
1.7516e+08 8500000
1.7616e+08 8510000
1.77161e+08 8520000
1.78162e+08 8530000
1.77162e+08 8540000
1.7969e+08 8550000
1.78164e+08 8560000
1.78162e+08 8570000
1.78162e+08 8580000
1.79163e+08 8590000
1.80164e+08 8600000
1.79164e+08 8610000
1.79163e+08 8620000
1.79164e+08 8630000
1.80669e+08 8640000
1.79163e+08 8650000
1.80164e+08 8660000
1.81165e+08 8670000
1.80164e+08 8680000
1.80164e+08 8690000
1.81165e+08 8700000
1.81165e+08 8710000
1.83167e+08 8720000
1.81164e+08 8730000
1.81165e+08 8740000
1.83169e+08 8750000
2.00183e+08 8760000
1.81175e+08 8770000
1.8167e+08 8780000
1.83167e+08 8790000
1.83166e+08 8800000
1.84168e+08 8810000
1.84168e+08 8820000
1.83167e+08 8830000
1.83166e+08 8840000
1.84168e+08 8850000
1.8617e+08 8860000
1.84168e+08 8870000
1.83167e+08 8880000
1.85168e+08 8890000
1.85169e+08 8900000
1.85169e+08 8910000
1.85169e+08 8920000
1.8617e+08 8930000
1.87171e+08 8940000
1.8617e+08 8950000
1.85674e+08 8960000
2.13194e+08 8970000
1.86169e+08 8980000
1.86171e+08 8990000
1.86674e+08 9000000
1.8717e+08 9010000
1.8717e+08 9020000
1.87171e+08 9030000
1.88172e+08 9040000
1.89676e+08 9050000
1.88171e+08 9060000
1.88171e+08 9070000
1.91173e+08 9080000
1.88172e+08 9090000
1.90173e+08 9100000
1.90173e+08 9110000
1.89172e+08 9120000
1.89183e+08 9130000
1.89172e+08 9140000
1.91174e+08 9150000
1.90176e+08 9160000
1.90174e+08 9170000
1.91175e+08 9180000
1.92175e+08 9190000
1.93176e+08 9200000
1.91174e+08 9210000
1.92174e+08 9220000
1.90185e+08 9230000
1.93176e+08 9240000
1.92175e+08 9250000
1.93682e+08 9260000
1.93176e+08 9270000
1.93176e+08 9280000
1.92175e+08 9290000
2.14195e+08 9300000
1.9518e+08 9310000
1.95177e+08 9320000
1.93177e+08 9330000
1.9519e+08 9340000
1.94177e+08 9350000
1.95177e+08 9360000
1.95178e+08 9370000
1.94176e+08 9380000
1.96181e+08 9390000
1.95178e+08 9400000
1.97179e+08 9410000
1.96179e+08 9420000
1.95178e+08 9430000
1.9618e+08 9440000
1.97181e+08 9450000
1.97192e+08 9460000
1.97179e+08 9470000
1.98181e+08 9480000
1.98193e+08 9490000
1.98182e+08 9500000
1.97179e+08 9510000
1.99182e+08 9520000
2.00182e+08 9530000
1.9818e+08 9540000
1.99183e+08 9550000
1.98192e+08 9560000
1.99181e+08 9570000
1.99182e+08 9580000
1.99181e+08 9590000
2.00182e+08 9600000
2.00182e+08 9610000
2.00183e+08 9620000
2.00182e+08 9630000
1.99181e+08 9640000
2.01183e+08 9650000
2.00182e+08 9660000
2.00182e+08 9670000
2.01183e+08 9680000
2.00182e+08 9690000
2.02184e+08 9700000
2.02184e+08 9710000
2.02184e+08 9720000
2.02184e+08 9730000
2.02185e+08 9740000
2.02184e+08 9750000
2.02688e+08 9760000
2.03185e+08 9770000
2.28208e+08 9780000
2.0369e+08 9790000
2.04185e+08 9800000
2.03198e+08 9810000
2.05691e+08 9820000
2.05517e+08 9830000
2.04185e+08 9840000
2.3021e+08 9850000
2.06188e+08 9860000
2.05187e+08 9870000
2.06188e+08 9880000
2.06188e+08 9890000
2.09191e+08 9900000
2.0719e+08 9910000
2.18201e+08 9920000
2.07204e+08 9930000
2.08203e+08 9940000
2.08202e+08 9950000
2.08189e+08 9960000
2.09191e+08 9970000
2.082e+08 9980000
2.0919e+08 9990000
2.07692e+08 10000000
